1.0,0.0,7.0,1.0,1.0,6.0,7.0,1.0,1.0,17.0,1.0,17.0,1.0,18.0,0.0,18.0,0.0,1.0,0.0,1.0,0.5,0.0,1.0,infant,17:1,17:1,Alleyne,18:0,18:0,0
1.0,0.0,6.0,1.0,1.0,6.0,2.0,1.0,1.0,17.0,1.0,17.0,1.0,13.0,0.0,13.0,0.0,4.0,0.0,1.0,0.5,0.0,1.0,infant,17:1,17:1,He,13:0,13:0,1
1.0,0.0,6.0,1.0,1.0,6.0,2.0,1.0,1.0,17.0,1.0,17.0,1.0,19.0,0.0,19.0,0.0,2.0,0.0,1.0,0.5,0.0,1.0,infant,17:1,17:1,He,19:0,19:0,1
1.0,0.0,6.0,1.0,1.0,6.0,2.0,1.0,1.0,17.0,1.0,17.0,1.0,22.0,0.0,22.0,0.0,5.0,0.0,1.0,0.5,0.0,1.0,infant,17:1,17:1,He,22:0,22:0,0
1.0,1.0,5.0,1.0,1.0,6.0,6.0,1.0,1.0,53.0,1.0,53.0,1.0,55.0,14.0,55.0,14.0,2.0,1.0,1.0,0.5,0.0,1.0,infant,53:1,53:1,infant,55:14,55:14,0
1.0,0.0,6.0,1.0,1.0,6.0,2.0,1.0,1.0,53.0,1.0,53.0,1.0,56.0,9.0,56.0,9.0,3.0,0.0,1.0,0.5,0.0,1.0,infant,53:1,53:1,he,56:9,56:9,0
1.0,0.0,6.0,1.0,1.0,6.0,2.0,1.0,1.0,55.0,14.0,55.0,14.0,56.0,9.0,56.0,9.0,1.0,0.0,1.0,0.5,0.0,1.0,infant,55:14,55:14,he,56:9,56:9,0
1.0,0.0,8.0,1.0,1.0,5.0,8.0,1.0,1.0,76.0,12.0,76.0,12.0,73.0,5.0,73.0,5.0,3.0,0.0,1.0,0.5,0.0,1.0,child,76:12,76:12,Terrance,73:5,73:5,0
1.0,0.0,7.0,1.0,1.0,7.0,2.0,1.0,1.0,18.0,0.0,18.0,0.0,13.0,0.0,13.0,0.0,5.0,0.0,1.0,0.5,0.0,1.0,Alleyne,18:0,18:0,He,13:0,13:0,0
1.0,0.0,7.0,1.0,1.0,7.0,2.0,1.0,1.0,18.0,0.0,18.0,0.0,19.0,0.0,19.0,0.0,1.0,0.0,1.0,0.5,0.0,1.0,Alleyne,18:0,18:0,He,19:0,19:0,0
1.0,0.0,7.0,1.0,1.0,7.0,2.0,1.0,1.0,18.0,0.0,18.0,0.0,22.0,0.0,22.0,0.0,4.0,0.0,1.0,0.5,0.0,1.0,Alleyne,18:0,18:0,He,22:0,22:0,0
1.0,1.0,6.0,1.0,1.0,7.0,5.0,1.0,1.0,38.0,0.0,38.0,0.0,40.0,0.0,40.0,0.0,2.0,1.0,1.0,0.5,0.0,1.0,Alleyne,38:0,38:0,Linda,40:0,40:0,0
1.0,0.0,7.0,1.0,1.0,7.0,2.0,1.0,1.0,38.0,0.0,38.0,0.0,36.0,0.0,36.0,0.0,2.0,0.0,1.0,0.5,0.0,1.0,Alleyne,38:0,38:0,He,36:0,36:0,0
1.0,0.0,7.0,1.0,1.0,7.0,2.0,1.0,1.0,38.0,0.0,38.0,0.0,41.0,0.0,41.0,0.0,3.0,0.0,1.0,0.5,0.0,1.0,Alleyne,38:0,38:0,He,41:0,41:0,0
1.0,0.0,7.0,1.0,1.0,5.0,7.0,1.0,1.0,40.0,0.0,40.0,0.0,44.0,0.0,44.0,0.0,4.0,0.0,1.0,0.5,0.0,1.0,Linda,40:0,40:0,Alleyne,44:0,44:0,0
1.0,0.0,7.0,1.0,1.0,7.0,2.0,1.0,1.0,44.0,0.0,44.0,0.0,41.0,0.0,41.0,0.0,3.0,0.0,1.0,0.5,0.0,1.0,Alleyne,44:0,44:0,He,41:0,41:0,0
1.0,0.0,7.0,1.0,1.0,7.0,2.0,1.0,1.0,44.0,0.0,44.0,0.0,44.0,12.0,44.0,12.0,0.0,0.0,1.0,0.5,0.0,1.0,Alleyne,44:0,44:0,he,44:12,44:12,0
1.0,0.0,7.0,1.0,1.0,7.0,2.0,1.0,1.0,44.0,0.0,44.0,0.0,45.0,18.0,45.0,18.0,1.0,0.0,1.0,0.5,0.0,1.0,Alleyne,44:0,44:0,he,45:18,45:18,0
1.0,0.0,2.0,1.0,1.0,2.0,2.0,1.0,1.0,19.0,0.0,19.0,0.0,22.0,0.0,22.0,0.0,3.0,0.0,1.0,0.5,0.0,1.0,He,19:0,19:0,He,22:0,22:0,0
1.0,0.0,2.0,1.0,1.0,2.0,2.0,1.0,1.0,41.0,0.0,41.0,0.0,44.0,12.0,44.0,12.0,3.0,0.0,1.0,0.5,0.0,1.0,He,41:0,41:0,he,44:12,44:12,0
1.0,0.0,2.0,1.0,1.0,2.0,2.0,1.0,1.0,44.0,12.0,44.0,12.0,45.0,18.0,45.0,18.0,1.0,0.0,1.0,0.5,0.0,1.0,he,44:12,44:12,he,45:18,45:18,0
1.0,1.0,2.0,1.0,1.0,3.0,2.0,1.0,1.0,25.0,0.0,25.0,0.0,22.0,0.0,22.0,0.0,3.0,1.0,1.0,0.5,0.0,1.0,His,25:0,25:0,He,22:0,22:0,1
1.0,1.0,2.0,1.0,1.0,3.0,2.0,1.0,1.0,26.0,0.0,26.0,0.0,22.0,0.0,22.0,0.0,4.0,1.0,1.0,0.5,0.0,1.0,His,26:0,26:0,He,22:0,22:0,0
1.0,1.0,2.0,1.0,1.0,3.0,2.0,1.0,1.0,27.0,0.0,27.0,0.0,22.0,0.0,22.0,0.0,5.0,1.0,1.0,0.5,0.0,1.0,His,27:0,27:0,He,22:0,22:0,0
1.0,0.0,3.0,1.0,1.0,3.0,2.0,1.0,1.0,39.0,0.0,39.0,0.0,44.0,12.0,44.0,12.0,5.0,0.0,1.0,0.5,0.0,1.0,His,39:0,39:0,he,44:12,44:12,0
1.0,0.0,3.0,1.0,1.0,3.0,2.0,1.0,1.0,40.0,0.0,40.0,0.0,44.0,12.0,44.0,12.0,4.0,0.0,1.0,0.5,0.0,1.0,His,40:0,40:0,he,44:12,44:12,0
1.0,0.0,3.0,1.0,1.0,3.0,2.0,1.0,1.0,40.0,0.0,40.0,0.0,45.0,18.0,45.0,18.0,5.0,0.0,1.0,0.5,0.0,1.0,His,40:0,40:0,he,45:18,45:18,0
1.0,0.0,3.0,1.0,1.0,3.0,2.0,1.0,1.0,41.0,0.0,41.0,0.0,45.0,18.0,45.0,18.0,4.0,0.0,1.0,0.5,0.0,1.0,His,41:0,41:0,he,45:18,45:18,0
0.0,0.0,3.0,1.0,1.0,3.0,3.0,1.0,1.0,25.0,0.0,25.0,0.0,26.0,0.0,26.0,0.0,1.0,0.0,1.0,0.5,0.0,1.0,His,25:0,25:0,His,26:0,26:0,1
0.0,0.0,3.0,1.0,1.0,3.0,3.0,1.0,1.0,25.0,0.0,25.0,0.0,27.0,0.0,27.0,0.0,2.0,0.0,1.0,0.5,0.0,1.0,His,25:0,25:0,His,27:0,27:0,0
0.0,0.0,3.0,1.0,1.0,3.0,3.0,1.0,1.0,25.0,0.0,25.0,0.0,28.0,0.0,28.0,0.0,3.0,0.0,1.0,0.5,0.0,1.0,His,25:0,25:0,His,28:0,28:0,0
0.0,0.0,3.0,1.0,1.0,3.0,3.0,1.0,1.0,25.0,0.0,25.0,0.0,29.0,0.0,29.0,0.0,4.0,0.0,1.0,0.5,0.0,1.0,His,25:0,25:0,His,29:0,29:0,0
0.0,0.0,3.0,1.0,1.0,3.0,3.0,1.0,1.0,25.0,0.0,25.0,0.0,29.0,3.0,29.0,3.0,4.0,0.0,1.0,0.5,0.0,1.0,His,25:0,25:0,his,29:3,29:3,0
0.0,0.0,3.0,1.0,1.0,3.0,3.0,1.0,1.0,25.0,0.0,25.0,0.0,30.0,0.0,30.0,0.0,5.0,0.0,1.0,0.5,0.0,1.0,His,25:0,25:0,His,30:0,30:0,0
0.0,0.0,3.0,1.0,1.0,3.0,3.0,1.0,1.0,26.0,0.0,26.0,0.0,27.0,0.0,27.0,0.0,1.0,0.0,1.0,0.5,0.0,1.0,His,26:0,26:0,His,27:0,27:0,1
0.0,0.0,3.0,1.0,1.0,3.0,3.0,1.0,1.0,26.0,0.0,26.0,0.0,28.0,0.0,28.0,0.0,2.0,0.0,1.0,0.5,0.0,1.0,His,26:0,26:0,His,28:0,28:0,0
0.0,0.0,3.0,1.0,1.0,3.0,3.0,1.0,1.0,26.0,0.0,26.0,0.0,29.0,0.0,29.0,0.0,3.0,0.0,1.0,0.5,0.0,1.0,His,26:0,26:0,His,29:0,29:0,0
0.0,0.0,3.0,1.0,1.0,3.0,3.0,1.0,1.0,26.0,0.0,26.0,0.0,29.0,3.0,29.0,3.0,3.0,0.0,1.0,0.5,0.0,1.0,His,26:0,26:0,his,29:3,29:3,0
0.0,0.0,3.0,1.0,1.0,3.0,3.0,1.0,1.0,26.0,0.0,26.0,0.0,30.0,0.0,30.0,0.0,4.0,0.0,1.0,0.5,0.0,1.0,His,26:0,26:0,His,30:0,30:0,0
0.0,0.0,3.0,1.0,1.0,3.0,3.0,1.0,1.0,26.0,0.0,26.0,0.0,31.0,0.0,31.0,0.0,5.0,0.0,1.0,0.5,0.0,1.0,His,26:0,26:0,His,31:0,31:0,0
0.0,0.0,3.0,1.0,1.0,3.0,3.0,1.0,1.0,27.0,0.0,27.0,0.0,28.0,0.0,28.0,0.0,1.0,0.0,1.0,0.5,0.0,1.0,His,27:0,27:0,His,28:0,28:0,1
0.0,0.0,3.0,1.0,1.0,3.0,3.0,1.0,1.0,27.0,0.0,27.0,0.0,29.0,0.0,29.0,0.0,2.0,0.0,1.0,0.5,0.0,1.0,His,27:0,27:0,His,29:0,29:0,0
0.0,0.0,3.0,1.0,1.0,3.0,3.0,1.0,1.0,27.0,0.0,27.0,0.0,29.0,3.0,29.0,3.0,2.0,0.0,1.0,0.5,0.0,1.0,His,27:0,27:0,his,29:3,29:3,0
0.0,0.0,3.0,1.0,1.0,3.0,3.0,1.0,1.0,27.0,0.0,27.0,0.0,30.0,0.0,30.0,0.0,3.0,0.0,1.0,0.5,0.0,1.0,His,27:0,27:0,His,30:0,30:0,0
0.0,0.0,3.0,1.0,1.0,3.0,3.0,1.0,1.0,27.0,0.0,27.0,0.0,31.0,0.0,31.0,0.0,4.0,0.0,1.0,0.5,0.0,1.0,His,27:0,27:0,His,31:0,31:0,0
0.0,0.0,3.0,1.0,1.0,3.0,3.0,1.0,1.0,27.0,0.0,27.0,0.0,32.0,0.0,32.0,0.0,5.0,0.0,1.0,0.5,0.0,1.0,His,27:0,27:0,His,32:0,32:0,0
0.0,0.0,3.0,1.0,1.0,3.0,3.0,1.0,1.0,28.0,0.0,28.0,0.0,29.0,0.0,29.0,0.0,1.0,0.0,1.0,0.5,0.0,1.0,His,28:0,28:0,His,29:0,29:0,1
0.0,0.0,3.0,1.0,1.0,3.0,3.0,1.0,1.0,28.0,0.0,28.0,0.0,29.0,3.0,29.0,3.0,1.0,0.0,1.0,0.5,0.0,1.0,His,28:0,28:0,his,29:3,29:3,0
0.0,0.0,3.0,1.0,1.0,3.0,3.0,1.0,1.0,28.0,0.0,28.0,0.0,30.0,0.0,30.0,0.0,2.0,0.0,1.0,0.5,0.0,1.0,His,28:0,28:0,His,30:0,30:0,0
0.0,0.0,3.0,1.0,1.0,3.0,3.0,1.0,1.0,28.0,0.0,28.0,0.0,31.0,0.0,31.0,0.0,3.0,0.0,1.0,0.5,0.0,1.0,His,28:0,28:0,His,31:0,31:0,0
0.0,0.0,3.0,1.0,1.0,3.0,3.0,1.0,1.0,28.0,0.0,28.0,0.0,32.0,0.0,32.0,0.0,4.0,0.0,1.0,0.5,0.0,1.0,His,28:0,28:0,His,32:0,32:0,0
0.0,0.0,3.0,1.0,1.0,3.0,3.0,1.0,1.0,28.0,0.0,28.0,0.0,33.0,0.0,33.0,0.0,5.0,0.0,1.0,0.5,0.0,1.0,His,28:0,28:0,His,33:0,33:0,0
0.0,0.0,3.0,1.0,1.0,3.0,3.0,1.0,1.0,29.0,0.0,29.0,0.0,29.0,3.0,29.0,3.0,0.0,0.0,1.0,0.5,0.0,1.0,His,29:0,29:0,his,29:3,29:3,1
0.0,0.0,3.0,1.0,1.0,3.0,3.0,1.0,1.0,29.0,0.0,29.0,0.0,30.0,0.0,30.0,0.0,1.0,0.0,1.0,0.5,0.0,1.0,His,29:0,29:0,His,30:0,30:0,0
0.0,0.0,3.0,1.0,1.0,3.0,3.0,1.0,1.0,29.0,0.0,29.0,0.0,31.0,0.0,31.0,0.0,2.0,0.0,1.0,0.5,0.0,1.0,His,29:0,29:0,His,31:0,31:0,0
0.0,0.0,3.0,1.0,1.0,3.0,3.0,1.0,1.0,29.0,0.0,29.0,0.0,32.0,0.0,32.0,0.0,3.0,0.0,1.0,0.5,0.0,1.0,His,29:0,29:0,His,32:0,32:0,0
0.0,0.0,3.0,1.0,1.0,3.0,3.0,1.0,1.0,29.0,0.0,29.0,0.0,33.0,0.0,33.0,0.0,4.0,0.0,1.0,0.5,0.0,1.0,His,29:0,29:0,His,33:0,33:0,0
0.0,0.0,3.0,1.0,1.0,3.0,3.0,1.0,1.0,29.0,0.0,29.0,0.0,34.0,0.0,34.0,0.0,5.0,0.0,1.0,0.5,0.0,1.0,His,29:0,29:0,His,34:0,34:0,0
0.0,0.0,3.0,1.0,1.0,3.0,3.0,1.0,1.0,29.0,3.0,29.0,3.0,30.0,0.0,30.0,0.0,1.0,0.0,1.0,0.5,0.0,1.0,his,29:3,29:3,His,30:0,30:0,0
0.0,0.0,3.0,1.0,1.0,3.0,3.0,1.0,1.0,29.0,3.0,29.0,3.0,31.0,0.0,31.0,0.0,2.0,0.0,1.0,0.5,0.0,1.0,his,29:3,29:3,His,31:0,31:0,0
0.0,0.0,3.0,1.0,1.0,3.0,3.0,1.0,1.0,29.0,3.0,29.0,3.0,32.0,0.0,32.0,0.0,3.0,0.0,1.0,0.5,0.0,1.0,his,29:3,29:3,His,32:0,32:0,0
0.0,0.0,3.0,1.0,1.0,3.0,3.0,1.0,1.0,29.0,3.0,29.0,3.0,33.0,0.0,33.0,0.0,4.0,0.0,1.0,0.5,0.0,1.0,his,29:3,29:3,His,33:0,33:0,0
0.0,0.0,3.0,1.0,1.0,3.0,3.0,1.0,1.0,29.0,3.0,29.0,3.0,34.0,0.0,34.0,0.0,5.0,0.0,1.0,0.5,0.0,1.0,his,29:3,29:3,His,34:0,34:0,0
0.0,0.0,3.0,1.0,1.0,3.0,3.0,1.0,1.0,30.0,0.0,30.0,0.0,31.0,0.0,31.0,0.0,1.0,0.0,1.0,0.5,0.0,1.0,His,30:0,30:0,His,31:0,31:0,0
0.0,0.0,3.0,1.0,1.0,3.0,3.0,1.0,1.0,30.0,0.0,30.0,0.0,32.0,0.0,32.0,0.0,2.0,0.0,1.0,0.5,0.0,1.0,His,30:0,30:0,His,32:0,32:0,0
0.0,0.0,3.0,1.0,1.0,3.0,3.0,1.0,1.0,30.0,0.0,30.0,0.0,33.0,0.0,33.0,0.0,3.0,0.0,1.0,0.5,0.0,1.0,His,30:0,30:0,His,33:0,33:0,0
0.0,0.0,3.0,1.0,1.0,3.0,3.0,1.0,1.0,30.0,0.0,30.0,0.0,34.0,0.0,34.0,0.0,4.0,0.0,1.0,0.5,0.0,1.0,His,30:0,30:0,His,34:0,34:0,0
0.0,0.0,3.0,1.0,1.0,3.0,3.0,1.0,1.0,30.0,0.0,30.0,0.0,35.0,0.0,35.0,0.0,5.0,0.0,1.0,0.5,0.0,1.0,His,30:0,30:0,His,35:0,35:0,0
0.0,0.0,3.0,1.0,1.0,3.0,3.0,1.0,1.0,31.0,0.0,31.0,0.0,32.0,0.0,32.0,0.0,1.0,0.0,1.0,0.5,0.0,1.0,His,31:0,31:0,His,32:0,32:0,0
0.0,0.0,3.0,1.0,1.0,3.0,3.0,1.0,1.0,31.0,0.0,31.0,0.0,33.0,0.0,33.0,0.0,2.0,0.0,1.0,0.5,0.0,1.0,His,31:0,31:0,His,33:0,33:0,0
0.0,0.0,3.0,1.0,1.0,3.0,3.0,1.0,1.0,31.0,0.0,31.0,0.0,34.0,0.0,34.0,0.0,3.0,0.0,1.0,0.5,0.0,1.0,His,31:0,31:0,His,34:0,34:0,0
0.0,0.0,3.0,1.0,1.0,3.0,3.0,1.0,1.0,31.0,0.0,31.0,0.0,35.0,0.0,35.0,0.0,4.0,0.0,1.0,0.5,0.0,1.0,His,31:0,31:0,His,35:0,35:0,0
0.0,0.0,3.0,1.0,1.0,3.0,3.0,1.0,1.0,31.0,0.0,31.0,0.0,36.0,0.0,36.0,0.0,5.0,0.0,1.0,0.5,0.0,1.0,His,31:0,31:0,His,36:0,36:0,0
0.0,0.0,3.0,1.0,1.0,3.0,3.0,1.0,1.0,32.0,0.0,32.0,0.0,33.0,0.0,33.0,0.0,1.0,0.0,1.0,0.5,0.0,1.0,His,32:0,32:0,His,33:0,33:0,0
0.0,0.0,3.0,1.0,1.0,3.0,3.0,1.0,1.0,32.0,0.0,32.0,0.0,34.0,0.0,34.0,0.0,2.0,0.0,1.0,0.5,0.0,1.0,His,32:0,32:0,His,34:0,34:0,0
0.0,0.0,3.0,1.0,1.0,3.0,3.0,1.0,1.0,32.0,0.0,32.0,0.0,35.0,0.0,35.0,0.0,3.0,0.0,1.0,0.5,0.0,1.0,His,32:0,32:0,His,35:0,35:0,0
0.0,0.0,3.0,1.0,1.0,3.0,3.0,1.0,1.0,32.0,0.0,32.0,0.0,36.0,0.0,36.0,0.0,4.0,0.0,1.0,0.5,0.0,1.0,His,32:0,32:0,His,36:0,36:0,0
0.0,0.0,3.0,1.0,1.0,3.0,3.0,1.0,1.0,32.0,0.0,32.0,0.0,37.0,0.0,37.0,0.0,5.0,0.0,1.0,0.5,0.0,1.0,His,32:0,32:0,His,37:0,37:0,0
0.0,0.0,3.0,1.0,1.0,3.0,3.0,1.0,1.0,33.0,0.0,33.0,0.0,34.0,0.0,34.0,0.0,1.0,0.0,1.0,0.5,0.0,1.0,His,33:0,33:0,His,34:0,34:0,0
0.0,0.0,3.0,1.0,1.0,3.0,3.0,1.0,1.0,33.0,0.0,33.0,0.0,35.0,0.0,35.0,0.0,2.0,0.0,1.0,0.5,0.0,1.0,His,33:0,33:0,His,35:0,35:0,0
0.0,0.0,3.0,1.0,1.0,3.0,3.0,1.0,1.0,33.0,0.0,33.0,0.0,36.0,0.0,36.0,0.0,3.0,0.0,1.0,0.5,0.0,1.0,His,33:0,33:0,His,36:0,36:0,0
0.0,0.0,3.0,1.0,1.0,3.0,3.0,1.0,1.0,33.0,0.0,33.0,0.0,37.0,0.0,37.0,0.0,4.0,0.0,1.0,0.5,0.0,1.0,His,33:0,33:0,His,37:0,37:0,0
0.0,0.0,3.0,1.0,1.0,3.0,3.0,1.0,1.0,33.0,0.0,33.0,0.0,38.0,0.0,38.0,0.0,5.0,0.0,1.0,0.5,0.0,1.0,His,33:0,33:0,His,38:0,38:0,0
0.0,0.0,3.0,1.0,1.0,3.0,3.0,1.0,1.0,34.0,0.0,34.0,0.0,35.0,0.0,35.0,0.0,1.0,0.0,1.0,0.5,0.0,1.0,His,34:0,34:0,His,35:0,35:0,0
0.0,0.0,3.0,1.0,1.0,3.0,3.0,1.0,1.0,34.0,0.0,34.0,0.0,36.0,0.0,36.0,0.0,2.0,0.0,1.0,0.5,0.0,1.0,His,34:0,34:0,His,36:0,36:0,0
0.0,0.0,3.0,1.0,1.0,3.0,3.0,1.0,1.0,34.0,0.0,34.0,0.0,37.0,0.0,37.0,0.0,3.0,0.0,1.0,0.5,0.0,1.0,His,34:0,34:0,His,37:0,37:0,0
0.0,0.0,3.0,1.0,1.0,3.0,3.0,1.0,1.0,34.0,0.0,34.0,0.0,38.0,0.0,38.0,0.0,4.0,0.0,1.0,0.5,0.0,1.0,His,34:0,34:0,His,38:0,38:0,0
0.0,0.0,3.0,1.0,1.0,3.0,3.0,1.0,1.0,34.0,0.0,34.0,0.0,39.0,0.0,39.0,0.0,5.0,0.0,1.0,0.5,0.0,1.0,His,34:0,34:0,His,39:0,39:0,0
0.0,0.0,3.0,1.0,1.0,3.0,3.0,1.0,1.0,35.0,0.0,35.0,0.0,36.0,0.0,36.0,0.0,1.0,0.0,1.0,0.5,0.0,1.0,His,35:0,35:0,His,36:0,36:0,0
0.0,0.0,3.0,1.0,1.0,3.0,3.0,1.0,1.0,35.0,0.0,35.0,0.0,37.0,0.0,37.0,0.0,2.0,0.0,1.0,0.5,0.0,1.0,His,35:0,35:0,His,37:0,37:0,0
0.0,0.0,3.0,1.0,1.0,3.0,3.0,1.0,1.0,35.0,0.0,35.0,0.0,38.0,0.0,38.0,0.0,3.0,0.0,1.0,0.5,0.0,1.0,His,35:0,35:0,His,38:0,38:0,0
0.0,0.0,3.0,1.0,1.0,3.0,3.0,1.0,1.0,35.0,0.0,35.0,0.0,39.0,0.0,39.0,0.0,4.0,0.0,1.0,0.5,0.0,1.0,His,35:0,35:0,His,39:0,39:0,0
0.0,0.0,3.0,1.0,1.0,3.0,3.0,1.0,1.0,35.0,0.0,35.0,0.0,40.0,0.0,40.0,0.0,5.0,0.0,1.0,0.5,0.0,1.0,His,35:0,35:0,His,40:0,40:0,0
0.0,0.0,3.0,1.0,1.0,3.0,3.0,1.0,1.0,36.0,0.0,36.0,0.0,37.0,0.0,37.0,0.0,1.0,0.0,1.0,0.5,0.0,1.0,His,36:0,36:0,His,37:0,37:0,0
0.0,0.0,3.0,1.0,1.0,3.0,3.0,1.0,1.0,36.0,0.0,36.0,0.0,39.0,0.0,39.0,0.0,3.0,0.0,1.0,0.5,0.0,1.0,His,36:0,36:0,His,39:0,39:0,1
0.0,0.0,3.0,1.0,1.0,3.0,3.0,1.0,1.0,36.0,0.0,36.0,0.0,40.0,0.0,40.0,0.0,4.0,0.0,1.0,0.5,0.0,1.0,His,36:0,36:0,His,40:0,40:0,0
0.0,0.0,3.0,1.0,1.0,3.0,3.0,1.0,1.0,36.0,0.0,36.0,0.0,41.0,0.0,41.0,0.0,5.0,0.0,1.0,0.5,0.0,1.0,His,36:0,36:0,His,41:0,41:0,0
0.0,0.0,3.0,1.0,1.0,3.0,3.0,1.0,1.0,37.0,0.0,37.0,0.0,38.0,0.0,38.0,0.0,1.0,0.0,1.0,0.5,0.0,1.0,His,37:0,37:0,His,38:0,38:0,0
0.0,0.0,3.0,1.0,1.0,3.0,3.0,1.0,1.0,37.0,0.0,37.0,0.0,39.0,0.0,39.0,0.0,2.0,0.0,1.0,0.5,0.0,1.0,His,37:0,37:0,His,39:0,39:0,0
0.0,0.0,3.0,1.0,1.0,3.0,3.0,1.0,1.0,37.0,0.0,37.0,0.0,40.0,0.0,40.0,0.0,3.0,0.0,1.0,0.5,0.0,1.0,His,37:0,37:0,His,40:0,40:0,0
0.0,0.0,3.0,1.0,1.0,3.0,3.0,1.0,1.0,37.0,0.0,37.0,0.0,41.0,0.0,41.0,0.0,4.0,0.0,1.0,0.5,0.0,1.0,His,37:0,37:0,His,41:0,41:0,0
0.0,0.0,3.0,1.0,1.0,3.0,3.0,1.0,1.0,37.0,0.0,37.0,0.0,42.0,0.0,42.0,0.0,5.0,0.0,1.0,0.5,0.0,1.0,His,37:0,37:0,His,42:0,42:0,0
0.0,0.0,3.0,1.0,1.0,3.0,3.0,1.0,1.0,38.0,0.0,38.0,0.0,39.0,0.0,39.0,0.0,1.0,0.0,1.0,0.5,0.0,1.0,His,38:0,38:0,His,39:0,39:0,0
0.0,0.0,3.0,1.0,1.0,3.0,3.0,1.0,1.0,38.0,0.0,38.0,0.0,42.0,0.0,42.0,0.0,4.0,0.0,1.0,0.5,0.0,1.0,His,38:0,38:0,His,42:0,42:0,0
0.0,0.0,3.0,1.0,1.0,3.0,3.0,1.0,1.0,38.0,0.0,38.0,0.0,43.0,0.0,43.0,0.0,5.0,0.0,1.0,0.5,0.0,1.0,His,38:0,38:0,His,43:0,43:0,0
0.0,0.0,3.0,1.0,1.0,3.0,3.0,1.0,1.0,39.0,0.0,39.0,0.0,40.0,0.0,40.0,0.0,1.0,0.0,1.0,0.5,0.0,1.0,His,39:0,39:0,His,40:0,40:0,0
0.0,0.0,3.0,1.0,1.0,3.0,3.0,1.0,1.0,39.0,0.0,39.0,0.0,41.0,0.0,41.0,0.0,2.0,0.0,1.0,0.5,0.0,1.0,His,39:0,39:0,His,41:0,41:0,1
0.0,0.0,3.0,1.0,1.0,3.0,3.0,1.0,1.0,39.0,0.0,39.0,0.0,42.0,0.0,42.0,0.0,3.0,0.0,1.0,0.5,0.0,1.0,His,39:0,39:0,His,42:0,42:0,0
0.0,0.0,3.0,1.0,1.0,3.0,3.0,1.0,1.0,39.0,0.0,39.0,0.0,43.0,0.0,43.0,0.0,4.0,0.0,1.0,0.5,0.0,1.0,His,39:0,39:0,His,43:0,43:0,0
0.0,0.0,3.0,1.0,1.0,3.0,3.0,1.0,1.0,39.0,0.0,39.0,0.0,44.0,0.0,44.0,0.0,5.0,0.0,1.0,0.5,0.0,1.0,His,39:0,39:0,His,44:0,44:0,0
0.0,0.0,3.0,1.0,1.0,3.0,3.0,1.0,1.0,40.0,0.0,40.0,0.0,41.0,0.0,41.0,0.0,1.0,0.0,1.0,0.5,0.0,1.0,His,40:0,40:0,His,41:0,41:0,0
0.0,0.0,3.0,1.0,1.0,3.0,3.0,1.0,1.0,40.0,0.0,40.0,0.0,42.0,0.0,42.0,0.0,2.0,0.0,1.0,0.5,0.0,1.0,His,40:0,40:0,His,42:0,42:0,0
0.0,0.0,3.0,1.0,1.0,3.0,3.0,1.0,1.0,40.0,0.0,40.0,0.0,43.0,0.0,43.0,0.0,3.0,0.0,1.0,0.5,0.0,1.0,His,40:0,40:0,His,43:0,43:0,0
0.0,0.0,3.0,1.0,1.0,3.0,3.0,1.0,1.0,40.0,0.0,40.0,0.0,45.0,12.0,45.0,12.0,5.0,0.0,1.0,0.5,0.0,1.0,His,40:0,40:0,His,45:12,45:12,0
0.0,0.0,3.0,1.0,1.0,3.0,3.0,1.0,1.0,40.0,0.0,40.0,0.0,45.0,10.0,45.0,10.0,5.0,0.0,1.0,0.5,0.0,1.0,His,40:0,40:0,his,45:10,45:10,0
0.0,0.0,3.0,1.0,1.0,3.0,3.0,1.0,1.0,41.0,0.0,41.0,0.0,42.0,0.0,42.0,0.0,1.0,0.0,1.0,0.5,0.0,1.0,His,41:0,41:0,His,42:0,42:0,1
0.0,0.0,3.0,1.0,1.0,3.0,3.0,1.0,1.0,41.0,0.0,41.0,0.0,43.0,0.0,43.0,0.0,2.0,0.0,1.0,0.5,0.0,1.0,His,41:0,41:0,His,43:0,43:0,0
0.0,0.0,3.0,1.0,1.0,3.0,3.0,1.0,1.0,41.0,0.0,41.0,0.0,45.0,12.0,45.0,12.0,4.0,0.0,1.0,0.5,0.0,1.0,His,41:0,41:0,His,45:12,45:12,0
0.0,0.0,3.0,1.0,1.0,3.0,3.0,1.0,1.0,41.0,0.0,41.0,0.0,45.0,10.0,45.0,10.0,4.0,0.0,1.0,0.5,0.0,1.0,His,41:0,41:0,his,45:10,45:10,0
0.0,0.0,3.0,1.0,1.0,3.0,3.0,1.0,1.0,41.0,0.0,41.0,0.0,46.0,0.0,46.0,0.0,5.0,0.0,1.0,0.5,0.0,1.0,His,41:0,41:0,His,46:0,46:0,0
0.0,0.0,3.0,1.0,1.0,3.0,3.0,1.0,1.0,42.0,0.0,42.0,0.0,43.0,0.0,43.0,0.0,1.0,0.0,1.0,0.5,0.0,1.0,His,42:0,42:0,His,43:0,43:0,0
0.0,0.0,3.0,1.0,1.0,3.0,3.0,1.0,1.0,42.0,0.0,42.0,0.0,44.0,0.0,44.0,0.0,2.0,0.0,1.0,0.5,0.0,1.0,His,42:0,42:0,His,44:0,44:0,0
0.0,0.0,3.0,1.0,1.0,3.0,3.0,1.0,1.0,42.0,0.0,42.0,0.0,45.0,12.0,45.0,12.0,3.0,0.0,1.0,0.5,0.0,1.0,His,42:0,42:0,His,45:12,45:12,0
0.0,0.0,3.0,1.0,1.0,3.0,3.0,1.0,1.0,42.0,0.0,42.0,0.0,45.0,10.0,45.0,10.0,3.0,0.0,1.0,0.5,0.0,1.0,His,42:0,42:0,his,45:10,45:10,0
0.0,0.0,3.0,1.0,1.0,3.0,3.0,1.0,1.0,42.0,0.0,42.0,0.0,46.0,0.0,46.0,0.0,4.0,0.0,1.0,0.5,0.0,1.0,His,42:0,42:0,His,46:0,46:0,0
0.0,0.0,3.0,1.0,1.0,3.0,3.0,1.0,1.0,42.0,0.0,42.0,0.0,47.0,12.0,47.0,12.0,5.0,0.0,1.0,0.5,0.0,1.0,His,42:0,42:0,His,47:12,47:12,0
0.0,0.0,3.0,1.0,1.0,3.0,3.0,1.0,1.0,43.0,0.0,43.0,0.0,44.0,0.0,44.0,0.0,1.0,0.0,1.0,0.5,0.0,1.0,His,43:0,43:0,His,44:0,44:0,0
0.0,0.0,3.0,1.0,1.0,3.0,3.0,1.0,1.0,43.0,0.0,43.0,0.0,45.0,12.0,45.0,12.0,2.0,0.0,1.0,0.5,0.0,1.0,His,43:0,43:0,His,45:12,45:12,0
0.0,0.0,3.0,1.0,1.0,3.0,3.0,1.0,1.0,43.0,0.0,43.0,0.0,45.0,10.0,45.0,10.0,2.0,0.0,1.0,0.5,0.0,1.0,His,43:0,43:0,his,45:10,45:10,0
0.0,0.0,3.0,1.0,1.0,3.0,3.0,1.0,1.0,43.0,0.0,43.0,0.0,46.0,0.0,46.0,0.0,3.0,0.0,1.0,0.5,0.0,1.0,His,43:0,43:0,His,46:0,46:0,0
0.0,0.0,3.0,1.0,1.0,3.0,3.0,1.0,1.0,43.0,0.0,43.0,0.0,47.0,12.0,47.0,12.0,4.0,0.0,1.0,0.5,0.0,1.0,His,43:0,43:0,His,47:12,47:12,0
0.0,0.0,3.0,1.0,1.0,3.0,3.0,1.0,1.0,43.0,0.0,43.0,0.0,48.0,12.0,48.0,12.0,5.0,0.0,1.0,0.5,0.0,1.0,His,43:0,43:0,His,48:12,48:12,0
0.0,0.0,3.0,1.0,1.0,3.0,3.0,1.0,1.0,44.0,0.0,44.0,0.0,45.0,12.0,45.0,12.0,1.0,0.0,1.0,0.5,0.0,1.0,His,44:0,44:0,His,45:12,45:12,0
0.0,0.0,3.0,1.0,1.0,3.0,3.0,1.0,1.0,44.0,0.0,44.0,0.0,45.0,10.0,45.0,10.0,1.0,0.0,1.0,0.5,0.0,1.0,His,44:0,44:0,his,45:10,45:10,0
0.0,0.0,3.0,1.0,1.0,3.0,3.0,1.0,1.0,44.0,0.0,44.0,0.0,46.0,0.0,46.0,0.0,2.0,0.0,1.0,0.5,0.0,1.0,His,44:0,44:0,His,46:0,46:0,0
0.0,0.0,3.0,1.0,1.0,3.0,3.0,1.0,1.0,44.0,0.0,44.0,0.0,47.0,12.0,47.0,12.0,3.0,0.0,1.0,0.5,0.0,1.0,His,44:0,44:0,His,47:12,47:12,0
0.0,0.0,3.0,1.0,1.0,3.0,3.0,1.0,1.0,44.0,0.0,44.0,0.0,48.0,12.0,48.0,12.0,4.0,0.0,1.0,0.5,0.0,1.0,His,44:0,44:0,His,48:12,48:12,0
0.0,0.0,3.0,1.0,1.0,3.0,3.0,1.0,1.0,44.0,0.0,44.0,0.0,49.0,12.0,49.0,12.0,5.0,0.0,1.0,0.5,0.0,1.0,His,44:0,44:0,His,49:12,49:12,0
0.0,0.0,3.0,1.0,1.0,3.0,3.0,1.0,1.0,44.0,0.0,44.0,0.0,49.0,16.0,49.0,16.0,5.0,0.0,1.0,0.5,0.0,1.0,His,44:0,44:0,his,49:16,49:16,0
0.0,0.0,3.0,1.0,1.0,3.0,3.0,1.0,1.0,45.0,12.0,45.0,12.0,45.0,10.0,45.0,10.0,0.0,0.0,1.0,0.5,0.0,1.0,His,45:12,45:12,his,45:10,45:10,0
0.0,0.0,3.0,1.0,1.0,3.0,3.0,1.0,1.0,45.0,12.0,45.0,12.0,46.0,0.0,46.0,0.0,1.0,0.0,1.0,0.5,0.0,1.0,His,45:12,45:12,His,46:0,46:0,0
0.0,0.0,3.0,1.0,1.0,3.0,3.0,1.0,1.0,45.0,12.0,45.0,12.0,47.0,12.0,47.0,12.0,2.0,0.0,1.0,0.5,0.0,1.0,His,45:12,45:12,His,47:12,47:12,0
0.0,0.0,3.0,1.0,1.0,3.0,3.0,1.0,1.0,45.0,12.0,45.0,12.0,48.0,12.0,48.0,12.0,3.0,0.0,1.0,0.5,0.0,1.0,His,45:12,45:12,His,48:12,48:12,0
0.0,0.0,3.0,1.0,1.0,3.0,3.0,1.0,1.0,45.0,12.0,45.0,12.0,49.0,12.0,49.0,12.0,4.0,0.0,1.0,0.5,0.0,1.0,His,45:12,45:12,His,49:12,49:12,0
0.0,0.0,3.0,1.0,1.0,3.0,3.0,1.0,1.0,45.0,12.0,45.0,12.0,49.0,16.0,49.0,16.0,4.0,0.0,1.0,0.5,0.0,1.0,His,45:12,45:12,his,49:16,49:16,0
0.0,0.0,3.0,1.0,1.0,3.0,3.0,1.0,1.0,45.0,12.0,45.0,12.0,50.0,16.0,50.0,16.0,5.0,0.0,1.0,0.5,0.0,1.0,His,45:12,45:12,His,50:16,50:16,0
0.0,0.0,3.0,1.0,1.0,3.0,3.0,1.0,1.0,45.0,10.0,45.0,10.0,46.0,0.0,46.0,0.0,1.0,0.0,1.0,0.5,0.0,1.0,his,45:10,45:10,His,46:0,46:0,0
0.0,0.0,3.0,1.0,1.0,3.0,3.0,1.0,1.0,45.0,10.0,45.0,10.0,47.0,12.0,47.0,12.0,2.0,0.0,1.0,0.5,0.0,1.0,his,45:10,45:10,His,47:12,47:12,0
0.0,0.0,3.0,1.0,1.0,3.0,3.0,1.0,1.0,45.0,10.0,45.0,10.0,48.0,12.0,48.0,12.0,3.0,0.0,1.0,0.5,0.0,1.0,his,45:10,45:10,His,48:12,48:12,0
0.0,0.0,3.0,1.0,1.0,3.0,3.0,1.0,1.0,45.0,10.0,45.0,10.0,49.0,12.0,49.0,12.0,4.0,0.0,1.0,0.5,0.0,1.0,his,45:10,45:10,His,49:12,49:12,0
0.0,0.0,3.0,1.0,1.0,3.0,3.0,1.0,1.0,45.0,10.0,45.0,10.0,49.0,16.0,49.0,16.0,4.0,0.0,1.0,0.5,0.0,1.0,his,45:10,45:10,his,49:16,49:16,0
0.0,0.0,3.0,1.0,1.0,3.0,3.0,1.0,1.0,45.0,10.0,45.0,10.0,50.0,16.0,50.0,16.0,5.0,0.0,1.0,0.5,0.0,1.0,his,45:10,45:10,His,50:16,50:16,0
0.0,0.0,3.0,1.0,1.0,3.0,3.0,1.0,1.0,46.0,0.0,46.0,0.0,47.0,12.0,47.0,12.0,1.0,0.0,1.0,0.5,0.0,1.0,His,46:0,46:0,His,47:12,47:12,0
0.0,0.0,3.0,1.0,1.0,3.0,3.0,1.0,1.0,46.0,0.0,46.0,0.0,48.0,12.0,48.0,12.0,2.0,0.0,1.0,0.5,0.0,1.0,His,46:0,46:0,His,48:12,48:12,0
0.0,0.0,3.0,1.0,1.0,3.0,3.0,1.0,1.0,46.0,0.0,46.0,0.0,49.0,12.0,49.0,12.0,3.0,0.0,1.0,0.5,0.0,1.0,His,46:0,46:0,His,49:12,49:12,0
0.0,0.0,3.0,1.0,1.0,3.0,3.0,1.0,1.0,46.0,0.0,46.0,0.0,49.0,16.0,49.0,16.0,3.0,0.0,1.0,0.5,0.0,1.0,His,46:0,46:0,his,49:16,49:16,0
0.0,0.0,3.0,1.0,1.0,3.0,3.0,1.0,1.0,46.0,0.0,46.0,0.0,50.0,16.0,50.0,16.0,4.0,0.0,1.0,0.5,0.0,1.0,His,46:0,46:0,His,50:16,50:16,0
0.0,0.0,3.0,1.0,1.0,3.0,3.0,1.0,1.0,46.0,0.0,46.0,0.0,51.0,16.0,51.0,16.0,5.0,0.0,1.0,0.5,0.0,1.0,His,46:0,46:0,His,51:16,51:16,0
0.0,0.0,3.0,1.0,1.0,3.0,3.0,1.0,1.0,47.0,12.0,47.0,12.0,48.0,12.0,48.0,12.0,1.0,0.0,1.0,0.5,0.0,1.0,His,47:12,47:12,His,48:12,48:12,0
0.0,0.0,3.0,1.0,1.0,3.0,3.0,1.0,1.0,47.0,12.0,47.0,12.0,49.0,12.0,49.0,12.0,2.0,0.0,1.0,0.5,0.0,1.0,His,47:12,47:12,His,49:12,49:12,0
0.0,0.0,3.0,1.0,1.0,3.0,3.0,1.0,1.0,47.0,12.0,47.0,12.0,49.0,16.0,49.0,16.0,2.0,0.0,1.0,0.5,0.0,1.0,His,47:12,47:12,his,49:16,49:16,0
0.0,0.0,3.0,1.0,1.0,3.0,3.0,1.0,1.0,47.0,12.0,47.0,12.0,50.0,16.0,50.0,16.0,3.0,0.0,1.0,0.5,0.0,1.0,His,47:12,47:12,His,50:16,50:16,0
0.0,0.0,3.0,1.0,1.0,3.0,3.0,1.0,1.0,47.0,12.0,47.0,12.0,51.0,16.0,51.0,16.0,4.0,0.0,1.0,0.5,0.0,1.0,His,47:12,47:12,His,51:16,51:16,0
0.0,0.0,3.0,1.0,1.0,3.0,3.0,1.0,1.0,47.0,12.0,47.0,12.0,52.0,16.0,52.0,16.0,5.0,0.0,1.0,0.5,0.0,1.0,His,47:12,47:12,His,52:16,52:16,0
0.0,0.0,3.0,1.0,1.0,3.0,3.0,1.0,1.0,48.0,12.0,48.0,12.0,49.0,12.0,49.0,12.0,1.0,0.0,1.0,0.5,0.0,1.0,His,48:12,48:12,His,49:12,49:12,0
0.0,0.0,3.0,1.0,1.0,3.0,3.0,1.0,1.0,48.0,12.0,48.0,12.0,49.0,16.0,49.0,16.0,1.0,0.0,1.0,0.5,0.0,1.0,His,48:12,48:12,his,49:16,49:16,0
0.0,0.0,3.0,1.0,1.0,3.0,3.0,1.0,1.0,48.0,12.0,48.0,12.0,50.0,16.0,50.0,16.0,2.0,0.0,1.0,0.5,0.0,1.0,His,48:12,48:12,His,50:16,50:16,0
0.0,0.0,3.0,1.0,1.0,3.0,3.0,1.0,1.0,48.0,12.0,48.0,12.0,51.0,16.0,51.0,16.0,3.0,0.0,1.0,0.5,0.0,1.0,His,48:12,48:12,His,51:16,51:16,0
0.0,0.0,3.0,1.0,1.0,3.0,3.0,1.0,1.0,48.0,12.0,48.0,12.0,52.0,16.0,52.0,16.0,4.0,0.0,1.0,0.5,0.0,1.0,His,48:12,48:12,His,52:16,52:16,0
0.0,0.0,3.0,1.0,1.0,3.0,3.0,1.0,1.0,48.0,12.0,48.0,12.0,53.0,16.0,53.0,16.0,5.0,0.0,1.0,0.5,0.0,1.0,His,48:12,48:12,His,53:16,53:16,0
0.0,0.0,3.0,1.0,1.0,3.0,3.0,1.0,1.0,49.0,12.0,49.0,12.0,49.0,16.0,49.0,16.0,0.0,0.0,1.0,0.5,0.0,1.0,His,49:12,49:12,his,49:16,49:16,0
0.0,0.0,3.0,1.0,1.0,3.0,3.0,1.0,1.0,49.0,12.0,49.0,12.0,50.0,16.0,50.0,16.0,1.0,0.0,1.0,0.5,0.0,1.0,His,49:12,49:12,His,50:16,50:16,0
0.0,0.0,3.0,1.0,1.0,3.0,3.0,1.0,1.0,49.0,12.0,49.0,12.0,51.0,16.0,51.0,16.0,2.0,0.0,1.0,0.5,0.0,1.0,His,49:12,49:12,His,51:16,51:16,0
0.0,0.0,3.0,1.0,1.0,3.0,3.0,1.0,1.0,49.0,12.0,49.0,12.0,52.0,16.0,52.0,16.0,3.0,0.0,1.0,0.5,0.0,1.0,His,49:12,49:12,His,52:16,52:16,0
0.0,0.0,3.0,1.0,1.0,3.0,3.0,1.0,1.0,49.0,12.0,49.0,12.0,53.0,16.0,53.0,16.0,4.0,0.0,1.0,0.5,0.0,1.0,His,49:12,49:12,His,53:16,53:16,0
0.0,0.0,3.0,1.0,1.0,3.0,3.0,1.0,1.0,49.0,12.0,49.0,12.0,54.0,16.0,54.0,16.0,5.0,0.0,1.0,0.5,0.0,1.0,His,49:12,49:12,His,54:16,54:16,0
0.0,0.0,3.0,1.0,1.0,3.0,3.0,1.0,1.0,49.0,16.0,49.0,16.0,50.0,16.0,50.0,16.0,1.0,0.0,1.0,0.5,0.0,1.0,his,49:16,49:16,His,50:16,50:16,0
0.0,0.0,3.0,1.0,1.0,3.0,3.0,1.0,1.0,49.0,16.0,49.0,16.0,51.0,16.0,51.0,16.0,2.0,0.0,1.0,0.5,0.0,1.0,his,49:16,49:16,His,51:16,51:16,0
0.0,0.0,3.0,1.0,1.0,3.0,3.0,1.0,1.0,49.0,16.0,49.0,16.0,52.0,16.0,52.0,16.0,3.0,0.0,1.0,0.5,0.0,1.0,his,49:16,49:16,His,52:16,52:16,0
0.0,0.0,3.0,1.0,1.0,3.0,3.0,1.0,1.0,49.0,16.0,49.0,16.0,53.0,16.0,53.0,16.0,4.0,0.0,1.0,0.5,0.0,1.0,his,49:16,49:16,His,53:16,53:16,0
0.0,0.0,3.0,1.0,1.0,3.0,3.0,1.0,1.0,49.0,16.0,49.0,16.0,54.0,16.0,54.0,16.0,5.0,0.0,1.0,0.5,0.0,1.0,his,49:16,49:16,His,54:16,54:16,0
0.0,0.0,3.0,1.0,1.0,3.0,3.0,1.0,1.0,50.0,16.0,50.0,16.0,51.0,16.0,51.0,16.0,1.0,0.0,1.0,0.5,0.0,1.0,His,50:16,50:16,His,51:16,51:16,0
0.0,0.0,3.0,1.0,1.0,3.0,3.0,1.0,1.0,50.0,16.0,50.0,16.0,52.0,16.0,52.0,16.0,2.0,0.0,1.0,0.5,0.0,1.0,His,50:16,50:16,His,52:16,52:16,0
0.0,0.0,3.0,1.0,1.0,3.0,3.0,1.0,1.0,50.0,16.0,50.0,16.0,53.0,16.0,53.0,16.0,3.0,0.0,1.0,0.5,0.0,1.0,His,50:16,50:16,His,53:16,53:16,0
0.0,0.0,3.0,1.0,1.0,3.0,3.0,1.0,1.0,50.0,16.0,50.0,16.0,54.0,16.0,54.0,16.0,4.0,0.0,1.0,0.5,0.0,1.0,His,50:16,50:16,His,54:16,54:16,0
0.0,0.0,3.0,1.0,1.0,3.0,3.0,1.0,1.0,50.0,16.0,50.0,16.0,55.0,16.0,55.0,16.0,5.0,0.0,1.0,0.5,0.0,1.0,His,50:16,50:16,His,55:16,55:16,0
0.0,0.0,3.0,1.0,1.0,3.0,3.0,1.0,1.0,50.0,16.0,50.0,16.0,55.0,18.0,55.0,18.0,5.0,0.0,1.0,0.5,0.0,1.0,His,50:16,50:16,his,55:18,55:18,0
0.0,0.0,3.0,1.0,1.0,3.0,3.0,1.0,1.0,51.0,16.0,51.0,16.0,52.0,16.0,52.0,16.0,1.0,0.0,1.0,0.5,0.0,1.0,His,51:16,51:16,His,52:16,52:16,0
0.0,0.0,3.0,1.0,1.0,3.0,3.0,1.0,1.0,51.0,16.0,51.0,16.0,53.0,16.0,53.0,16.0,2.0,0.0,1.0,0.5,0.0,1.0,His,51:16,51:16,His,53:16,53:16,0
0.0,0.0,3.0,1.0,1.0,3.0,3.0,1.0,1.0,51.0,16.0,51.0,16.0,54.0,16.0,54.0,16.0,3.0,0.0,1.0,0.5,0.0,1.0,His,51:16,51:16,His,54:16,54:16,0
0.0,0.0,3.0,1.0,1.0,3.0,3.0,1.0,1.0,51.0,16.0,51.0,16.0,55.0,16.0,55.0,16.0,4.0,0.0,1.0,0.5,0.0,1.0,His,51:16,51:16,His,55:16,55:16,0
0.0,0.0,3.0,1.0,1.0,3.0,3.0,1.0,1.0,51.0,16.0,51.0,16.0,55.0,18.0,55.0,18.0,4.0,0.0,1.0,0.5,0.0,1.0,His,51:16,51:16,his,55:18,55:18,0
0.0,0.0,3.0,1.0,1.0,3.0,3.0,1.0,1.0,51.0,16.0,51.0,16.0,56.0,18.0,56.0,18.0,5.0,0.0,1.0,0.5,0.0,1.0,His,51:16,51:16,His,56:18,56:18,0
0.0,0.0,3.0,1.0,1.0,3.0,3.0,1.0,1.0,52.0,16.0,52.0,16.0,53.0,16.0,53.0,16.0,1.0,0.0,1.0,0.5,0.0,1.0,His,52:16,52:16,His,53:16,53:16,0
0.0,0.0,3.0,1.0,1.0,3.0,3.0,1.0,1.0,52.0,16.0,52.0,16.0,54.0,16.0,54.0,16.0,2.0,0.0,1.0,0.5,0.0,1.0,His,52:16,52:16,His,54:16,54:16,0
0.0,0.0,3.0,1.0,1.0,3.0,3.0,1.0,1.0,52.0,16.0,52.0,16.0,55.0,16.0,55.0,16.0,3.0,0.0,1.0,0.5,0.0,1.0,His,52:16,52:16,His,55:16,55:16,0
0.0,0.0,3.0,1.0,1.0,3.0,3.0,1.0,1.0,52.0,16.0,52.0,16.0,55.0,18.0,55.0,18.0,3.0,0.0,1.0,0.5,0.0,1.0,His,52:16,52:16,his,55:18,55:18,0
0.0,0.0,3.0,1.0,1.0,3.0,3.0,1.0,1.0,52.0,16.0,52.0,16.0,56.0,18.0,56.0,18.0,4.0,0.0,1.0,0.5,0.0,1.0,His,52:16,52:16,His,56:18,56:18,0
0.0,0.0,3.0,1.0,1.0,3.0,3.0,1.0,1.0,52.0,16.0,52.0,16.0,57.0,9.0,57.0,9.0,5.0,0.0,1.0,0.5,0.0,1.0,His,52:16,52:16,His,57:9,57:9,0
0.0,0.0,3.0,1.0,1.0,3.0,3.0,1.0,1.0,53.0,16.0,53.0,16.0,54.0,16.0,54.0,16.0,1.0,0.0,1.0,0.5,0.0,1.0,His,53:16,53:16,His,54:16,54:16,0
0.0,0.0,3.0,1.0,1.0,3.0,3.0,1.0,1.0,53.0,16.0,53.0,16.0,55.0,16.0,55.0,16.0,2.0,0.0,1.0,0.5,0.0,1.0,His,53:16,53:16,His,55:16,55:16,0
0.0,0.0,3.0,1.0,1.0,3.0,3.0,1.0,1.0,53.0,16.0,53.0,16.0,55.0,18.0,55.0,18.0,2.0,0.0,1.0,0.5,0.0,1.0,His,53:16,53:16,his,55:18,55:18,0
0.0,0.0,3.0,1.0,1.0,3.0,3.0,1.0,1.0,53.0,16.0,53.0,16.0,56.0,18.0,56.0,18.0,3.0,0.0,1.0,0.5,0.0,1.0,His,53:16,53:16,His,56:18,56:18,0
0.0,0.0,3.0,1.0,1.0,3.0,3.0,1.0,1.0,53.0,16.0,53.0,16.0,57.0,9.0,57.0,9.0,4.0,0.0,1.0,0.5,0.0,1.0,His,53:16,53:16,His,57:9,57:9,0
0.0,0.0,3.0,1.0,1.0,3.0,3.0,1.0,1.0,53.0,16.0,53.0,16.0,58.0,9.0,58.0,9.0,5.0,0.0,1.0,0.5,0.0,1.0,His,53:16,53:16,His,58:9,58:9,0
0.0,0.0,3.0,1.0,1.0,3.0,3.0,1.0,1.0,54.0,16.0,54.0,16.0,55.0,16.0,55.0,16.0,1.0,0.0,1.0,0.5,0.0,1.0,His,54:16,54:16,His,55:16,55:16,0
0.0,0.0,3.0,1.0,1.0,3.0,3.0,1.0,1.0,54.0,16.0,54.0,16.0,55.0,18.0,55.0,18.0,1.0,0.0,1.0,0.5,0.0,1.0,His,54:16,54:16,his,55:18,55:18,0
0.0,0.0,3.0,1.0,1.0,3.0,3.0,1.0,1.0,54.0,16.0,54.0,16.0,56.0,18.0,56.0,18.0,2.0,0.0,1.0,0.5,0.0,1.0,His,54:16,54:16,His,56:18,56:18,0
0.0,0.0,3.0,1.0,1.0,3.0,3.0,1.0,1.0,54.0,16.0,54.0,16.0,57.0,9.0,57.0,9.0,3.0,0.0,1.0,0.5,0.0,1.0,His,54:16,54:16,His,57:9,57:9,0
0.0,0.0,3.0,1.0,1.0,3.0,3.0,1.0,1.0,54.0,16.0,54.0,16.0,58.0,9.0,58.0,9.0,4.0,0.0,1.0,0.5,0.0,1.0,His,54:16,54:16,His,58:9,58:9,0
0.0,0.0,3.0,1.0,1.0,3.0,3.0,1.0,1.0,54.0,16.0,54.0,16.0,59.0,9.0,59.0,9.0,5.0,0.0,1.0,0.5,0.0,1.0,His,54:16,54:16,His,59:9,59:9,0
0.0,0.0,3.0,1.0,1.0,3.0,3.0,1.0,1.0,55.0,16.0,55.0,16.0,55.0,18.0,55.0,18.0,0.0,0.0,1.0,0.5,0.0,1.0,His,55:16,55:16,his,55:18,55:18,0
0.0,0.0,3.0,1.0,1.0,3.0,3.0,1.0,1.0,55.0,16.0,55.0,16.0,56.0,18.0,56.0,18.0,1.0,0.0,1.0,0.5,0.0,1.0,His,55:16,55:16,His,56:18,56:18,0
0.0,0.0,3.0,1.0,1.0,3.0,3.0,1.0,1.0,55.0,16.0,55.0,16.0,57.0,9.0,57.0,9.0,2.0,0.0,1.0,0.5,0.0,1.0,His,55:16,55:16,His,57:9,57:9,0
0.0,0.0,3.0,1.0,1.0,3.0,3.0,1.0,1.0,55.0,16.0,55.0,16.0,58.0,9.0,58.0,9.0,3.0,0.0,1.0,0.5,0.0,1.0,His,55:16,55:16,His,58:9,58:9,0
0.0,0.0,3.0,1.0,1.0,3.0,3.0,1.0,1.0,55.0,16.0,55.0,16.0,59.0,9.0,59.0,9.0,4.0,0.0,1.0,0.5,0.0,1.0,His,55:16,55:16,His,59:9,59:9,0
0.0,0.0,3.0,1.0,1.0,3.0,3.0,1.0,1.0,55.0,16.0,55.0,16.0,60.0,9.0,60.0,9.0,5.0,0.0,1.0,0.5,0.0,1.0,His,55:16,55:16,His,60:9,60:9,0
0.0,0.0,3.0,1.0,1.0,3.0,3.0,1.0,1.0,55.0,18.0,55.0,18.0,56.0,18.0,56.0,18.0,1.0,0.0,1.0,0.5,0.0,1.0,his,55:18,55:18,His,56:18,56:18,0
0.0,0.0,3.0,1.0,1.0,3.0,3.0,1.0,1.0,55.0,18.0,55.0,18.0,57.0,9.0,57.0,9.0,2.0,0.0,1.0,0.5,0.0,1.0,his,55:18,55:18,His,57:9,57:9,0
0.0,0.0,3.0,1.0,1.0,3.0,3.0,1.0,1.0,55.0,18.0,55.0,18.0,58.0,9.0,58.0,9.0,3.0,0.0,1.0,0.5,0.0,1.0,his,55:18,55:18,His,58:9,58:9,0
0.0,0.0,3.0,1.0,1.0,3.0,3.0,1.0,1.0,55.0,18.0,55.0,18.0,59.0,9.0,59.0,9.0,4.0,0.0,1.0,0.5,0.0,1.0,his,55:18,55:18,His,59:9,59:9,0
0.0,0.0,3.0,1.0,1.0,3.0,3.0,1.0,1.0,55.0,18.0,55.0,18.0,60.0,9.0,60.0,9.0,5.0,0.0,1.0,0.5,0.0,1.0,his,55:18,55:18,His,60:9,60:9,0
0.0,0.0,3.0,1.0,1.0,3.0,3.0,1.0,1.0,56.0,18.0,56.0,18.0,57.0,9.0,57.0,9.0,1.0,0.0,1.0,0.5,0.0,1.0,His,56:18,56:18,His,57:9,57:9,0
0.0,0.0,3.0,1.0,1.0,3.0,3.0,1.0,1.0,56.0,18.0,56.0,18.0,58.0,9.0,58.0,9.0,2.0,0.0,1.0,0.5,0.0,1.0,His,56:18,56:18,His,58:9,58:9,0
0.0,0.0,3.0,1.0,1.0,3.0,3.0,1.0,1.0,56.0,18.0,56.0,18.0,59.0,9.0,59.0,9.0,3.0,0.0,1.0,0.5,0.0,1.0,His,56:18,56:18,His,59:9,59:9,0
0.0,0.0,3.0,1.0,1.0,3.0,3.0,1.0,1.0,56.0,18.0,56.0,18.0,60.0,9.0,60.0,9.0,4.0,0.0,1.0,0.5,0.0,1.0,His,56:18,56:18,His,60:9,60:9,0
0.0,0.0,3.0,1.0,1.0,3.0,3.0,1.0,1.0,56.0,18.0,56.0,18.0,61.0,9.0,61.0,9.0,5.0,0.0,1.0,0.5,0.0,1.0,His,56:18,56:18,His,61:9,61:9,0
0.0,0.0,3.0,1.0,1.0,3.0,3.0,1.0,1.0,57.0,9.0,57.0,9.0,58.0,9.0,58.0,9.0,1.0,0.0,1.0,0.5,0.0,1.0,His,57:9,57:9,His,58:9,58:9,0
0.0,0.0,3.0,1.0,1.0,3.0,3.0,1.0,1.0,57.0,9.0,57.0,9.0,59.0,9.0,59.0,9.0,2.0,0.0,1.0,0.5,0.0,1.0,His,57:9,57:9,His,59:9,59:9,0
0.0,0.0,3.0,1.0,1.0,3.0,3.0,1.0,1.0,57.0,9.0,57.0,9.0,60.0,9.0,60.0,9.0,3.0,0.0,1.0,0.5,0.0,1.0,His,57:9,57:9,His,60:9,60:9,0
0.0,0.0,3.0,1.0,1.0,3.0,3.0,1.0,1.0,57.0,9.0,57.0,9.0,61.0,9.0,61.0,9.0,4.0,0.0,1.0,0.5,0.0,1.0,His,57:9,57:9,His,61:9,61:9,0
0.0,0.0,3.0,1.0,1.0,3.0,3.0,1.0,1.0,57.0,9.0,57.0,9.0,62.0,9.0,62.0,9.0,5.0,0.0,1.0,0.5,0.0,1.0,His,57:9,57:9,His,62:9,62:9,0
0.0,0.0,3.0,1.0,1.0,3.0,3.0,1.0,1.0,58.0,9.0,58.0,9.0,59.0,9.0,59.0,9.0,1.0,0.0,1.0,0.5,0.0,1.0,His,58:9,58:9,His,59:9,59:9,0
0.0,0.0,3.0,1.0,1.0,3.0,3.0,1.0,1.0,58.0,9.0,58.0,9.0,60.0,9.0,60.0,9.0,2.0,0.0,1.0,0.5,0.0,1.0,His,58:9,58:9,His,60:9,60:9,0
0.0,0.0,3.0,1.0,1.0,3.0,3.0,1.0,1.0,58.0,9.0,58.0,9.0,61.0,9.0,61.0,9.0,3.0,0.0,1.0,0.5,0.0,1.0,His,58:9,58:9,His,61:9,61:9,0
0.0,0.0,3.0,1.0,1.0,3.0,3.0,1.0,1.0,58.0,9.0,58.0,9.0,62.0,9.0,62.0,9.0,4.0,0.0,1.0,0.5,0.0,1.0,His,58:9,58:9,His,62:9,62:9,0
0.0,0.0,3.0,1.0,1.0,3.0,3.0,1.0,1.0,58.0,9.0,58.0,9.0,63.0,9.0,63.0,9.0,5.0,0.0,1.0,0.5,0.0,1.0,His,58:9,58:9,His,63:9,63:9,0
0.0,0.0,3.0,1.0,1.0,3.0,3.0,1.0,1.0,59.0,9.0,59.0,9.0,60.0,9.0,60.0,9.0,1.0,0.0,1.0,0.5,0.0,1.0,His,59:9,59:9,His,60:9,60:9,0
0.0,0.0,3.0,1.0,1.0,3.0,3.0,1.0,1.0,59.0,9.0,59.0,9.0,61.0,9.0,61.0,9.0,2.0,0.0,1.0,0.5,0.0,1.0,His,59:9,59:9,His,61:9,61:9,0
0.0,0.0,3.0,1.0,1.0,3.0,3.0,1.0,1.0,59.0,9.0,59.0,9.0,62.0,9.0,62.0,9.0,3.0,0.0,1.0,0.5,0.0,1.0,His,59:9,59:9,His,62:9,62:9,0
0.0,0.0,3.0,1.0,1.0,3.0,3.0,1.0,1.0,59.0,9.0,59.0,9.0,63.0,9.0,63.0,9.0,4.0,0.0,1.0,0.5,0.0,1.0,His,59:9,59:9,His,63:9,63:9,0
0.0,0.0,3.0,1.0,1.0,3.0,3.0,1.0,1.0,59.0,9.0,59.0,9.0,64.0,9.0,64.0,9.0,5.0,0.0,1.0,0.5,0.0,1.0,His,59:9,59:9,His,64:9,64:9,0
0.0,0.0,3.0,1.0,1.0,3.0,3.0,1.0,1.0,60.0,9.0,60.0,9.0,61.0,9.0,61.0,9.0,1.0,0.0,1.0,0.5,0.0,1.0,His,60:9,60:9,His,61:9,61:9,0
0.0,0.0,3.0,1.0,1.0,3.0,3.0,1.0,1.0,60.0,9.0,60.0,9.0,62.0,9.0,62.0,9.0,2.0,0.0,1.0,0.5,0.0,1.0,His,60:9,60:9,His,62:9,62:9,0
0.0,0.0,3.0,1.0,1.0,3.0,3.0,1.0,1.0,60.0,9.0,60.0,9.0,63.0,9.0,63.0,9.0,3.0,0.0,1.0,0.5,0.0,1.0,His,60:9,60:9,His,63:9,63:9,0
0.0,0.0,3.0,1.0,1.0,3.0,3.0,1.0,1.0,60.0,9.0,60.0,9.0,64.0,9.0,64.0,9.0,4.0,0.0,1.0,0.5,0.0,1.0,His,60:9,60:9,His,64:9,64:9,0
0.0,0.0,3.0,1.0,1.0,3.0,3.0,1.0,1.0,60.0,9.0,60.0,9.0,65.0,9.0,65.0,9.0,5.0,0.0,1.0,0.5,0.0,1.0,His,60:9,60:9,His,65:9,65:9,0
0.0,0.0,3.0,1.0,1.0,3.0,3.0,1.0,1.0,61.0,9.0,61.0,9.0,62.0,9.0,62.0,9.0,1.0,0.0,1.0,0.5,0.0,1.0,His,61:9,61:9,His,62:9,62:9,0
0.0,0.0,3.0,1.0,1.0,3.0,3.0,1.0,1.0,61.0,9.0,61.0,9.0,63.0,9.0,63.0,9.0,2.0,0.0,1.0,0.5,0.0,1.0,His,61:9,61:9,His,63:9,63:9,0
0.0,0.0,3.0,1.0,1.0,3.0,3.0,1.0,1.0,61.0,9.0,61.0,9.0,64.0,9.0,64.0,9.0,3.0,0.0,1.0,0.5,0.0,1.0,His,61:9,61:9,His,64:9,64:9,0
0.0,0.0,3.0,1.0,1.0,3.0,3.0,1.0,1.0,61.0,9.0,61.0,9.0,65.0,9.0,65.0,9.0,4.0,0.0,1.0,0.5,0.0,1.0,His,61:9,61:9,His,65:9,65:9,0
0.0,0.0,3.0,1.0,1.0,3.0,3.0,1.0,1.0,61.0,9.0,61.0,9.0,66.0,9.0,66.0,9.0,5.0,0.0,1.0,0.5,0.0,1.0,His,61:9,61:9,His,66:9,66:9,0
0.0,0.0,3.0,1.0,1.0,3.0,3.0,1.0,1.0,62.0,9.0,62.0,9.0,63.0,9.0,63.0,9.0,1.0,0.0,1.0,0.5,0.0,1.0,His,62:9,62:9,His,63:9,63:9,0
0.0,0.0,3.0,1.0,1.0,3.0,3.0,1.0,1.0,62.0,9.0,62.0,9.0,64.0,9.0,64.0,9.0,2.0,0.0,1.0,0.5,0.0,1.0,His,62:9,62:9,His,64:9,64:9,0
0.0,0.0,3.0,1.0,1.0,3.0,3.0,1.0,1.0,62.0,9.0,62.0,9.0,65.0,9.0,65.0,9.0,3.0,0.0,1.0,0.5,0.0,1.0,His,62:9,62:9,His,65:9,65:9,0
0.0,0.0,3.0,1.0,1.0,3.0,3.0,1.0,1.0,62.0,9.0,62.0,9.0,66.0,9.0,66.0,9.0,4.0,0.0,1.0,0.5,0.0,1.0,His,62:9,62:9,His,66:9,66:9,0
0.0,0.0,3.0,1.0,1.0,3.0,3.0,1.0,1.0,62.0,9.0,62.0,9.0,67.0,9.0,67.0,9.0,5.0,0.0,1.0,0.5,0.0,1.0,His,62:9,62:9,His,67:9,67:9,0
0.0,0.0,3.0,1.0,1.0,3.0,3.0,1.0,1.0,63.0,9.0,63.0,9.0,64.0,9.0,64.0,9.0,1.0,0.0,1.0,0.5,0.0,1.0,His,63:9,63:9,His,64:9,64:9,0
0.0,0.0,3.0,1.0,1.0,3.0,3.0,1.0,1.0,63.0,9.0,63.0,9.0,65.0,9.0,65.0,9.0,2.0,0.0,1.0,0.5,0.0,1.0,His,63:9,63:9,His,65:9,65:9,0
0.0,0.0,3.0,1.0,1.0,3.0,3.0,1.0,1.0,63.0,9.0,63.0,9.0,66.0,9.0,66.0,9.0,3.0,0.0,1.0,0.5,0.0,1.0,His,63:9,63:9,His,66:9,66:9,0
0.0,0.0,3.0,1.0,1.0,3.0,3.0,1.0,1.0,63.0,9.0,63.0,9.0,67.0,9.0,67.0,9.0,4.0,0.0,1.0,0.5,0.0,1.0,His,63:9,63:9,His,67:9,67:9,0
0.0,0.0,3.0,1.0,1.0,3.0,3.0,1.0,1.0,63.0,9.0,63.0,9.0,68.0,9.0,68.0,9.0,5.0,0.0,1.0,0.5,0.0,1.0,His,63:9,63:9,His,68:9,68:9,0
0.0,0.0,3.0,1.0,1.0,3.0,3.0,1.0,1.0,64.0,9.0,64.0,9.0,65.0,9.0,65.0,9.0,1.0,0.0,1.0,0.5,0.0,1.0,His,64:9,64:9,His,65:9,65:9,0
0.0,0.0,3.0,1.0,1.0,3.0,3.0,1.0,1.0,64.0,9.0,64.0,9.0,66.0,9.0,66.0,9.0,2.0,0.0,1.0,0.5,0.0,1.0,His,64:9,64:9,His,66:9,66:9,0
0.0,0.0,3.0,1.0,1.0,3.0,3.0,1.0,1.0,64.0,9.0,64.0,9.0,67.0,9.0,67.0,9.0,3.0,0.0,1.0,0.5,0.0,1.0,His,64:9,64:9,His,67:9,67:9,0
0.0,0.0,3.0,1.0,1.0,3.0,3.0,1.0,1.0,64.0,9.0,64.0,9.0,68.0,9.0,68.0,9.0,4.0,0.0,1.0,0.5,0.0,1.0,His,64:9,64:9,His,68:9,68:9,0
0.0,0.0,3.0,1.0,1.0,3.0,3.0,1.0,1.0,64.0,9.0,64.0,9.0,69.0,9.0,69.0,9.0,5.0,0.0,1.0,0.5,0.0,1.0,His,64:9,64:9,His,69:9,69:9,0
0.0,0.0,3.0,1.0,1.0,3.0,3.0,1.0,1.0,65.0,9.0,65.0,9.0,66.0,9.0,66.0,9.0,1.0,0.0,1.0,0.5,0.0,1.0,His,65:9,65:9,His,66:9,66:9,0
0.0,0.0,3.0,1.0,1.0,3.0,3.0,1.0,1.0,65.0,9.0,65.0,9.0,67.0,9.0,67.0,9.0,2.0,0.0,1.0,0.5,0.0,1.0,His,65:9,65:9,His,67:9,67:9,0
0.0,0.0,3.0,1.0,1.0,3.0,3.0,1.0,1.0,65.0,9.0,65.0,9.0,68.0,9.0,68.0,9.0,3.0,0.0,1.0,0.5,0.0,1.0,His,65:9,65:9,His,68:9,68:9,0
0.0,0.0,3.0,1.0,1.0,3.0,3.0,1.0,1.0,65.0,9.0,65.0,9.0,69.0,9.0,69.0,9.0,4.0,0.0,1.0,0.5,0.0,1.0,His,65:9,65:9,His,69:9,69:9,0
0.0,0.0,3.0,1.0,1.0,3.0,3.0,1.0,1.0,65.0,9.0,65.0,9.0,70.0,9.0,70.0,9.0,5.0,0.0,1.0,0.5,0.0,1.0,His,65:9,65:9,His,70:9,70:9,0
0.0,0.0,3.0,1.0,1.0,3.0,3.0,1.0,1.0,66.0,9.0,66.0,9.0,67.0,9.0,67.0,9.0,1.0,0.0,1.0,0.5,0.0,1.0,His,66:9,66:9,His,67:9,67:9,0
0.0,0.0,3.0,1.0,1.0,3.0,3.0,1.0,1.0,66.0,9.0,66.0,9.0,68.0,9.0,68.0,9.0,2.0,0.0,1.0,0.5,0.0,1.0,His,66:9,66:9,His,68:9,68:9,0
0.0,0.0,3.0,1.0,1.0,3.0,3.0,1.0,1.0,66.0,9.0,66.0,9.0,69.0,9.0,69.0,9.0,3.0,0.0,1.0,0.5,0.0,1.0,His,66:9,66:9,His,69:9,69:9,0
0.0,0.0,3.0,1.0,1.0,3.0,3.0,1.0,1.0,66.0,9.0,66.0,9.0,70.0,9.0,70.0,9.0,4.0,0.0,1.0,0.5,0.0,1.0,His,66:9,66:9,His,70:9,70:9,0
0.0,0.0,3.0,1.0,1.0,3.0,3.0,1.0,1.0,66.0,9.0,66.0,9.0,71.0,9.0,71.0,9.0,5.0,0.0,1.0,0.5,0.0,1.0,His,66:9,66:9,His,71:9,71:9,0
0.0,0.0,3.0,1.0,1.0,3.0,3.0,1.0,1.0,67.0,9.0,67.0,9.0,68.0,9.0,68.0,9.0,1.0,0.0,1.0,0.5,0.0,1.0,His,67:9,67:9,His,68:9,68:9,0
0.0,0.0,3.0,1.0,1.0,3.0,3.0,1.0,1.0,67.0,9.0,67.0,9.0,69.0,9.0,69.0,9.0,2.0,0.0,1.0,0.5,0.0,1.0,His,67:9,67:9,His,69:9,69:9,0
0.0,0.0,3.0,1.0,1.0,3.0,3.0,1.0,1.0,67.0,9.0,67.0,9.0,70.0,9.0,70.0,9.0,3.0,0.0,1.0,0.5,0.0,1.0,His,67:9,67:9,His,70:9,70:9,0
0.0,0.0,3.0,1.0,1.0,3.0,3.0,1.0,1.0,67.0,9.0,67.0,9.0,71.0,9.0,71.0,9.0,4.0,0.0,1.0,0.5,0.0,1.0,His,67:9,67:9,His,71:9,71:9,0
0.0,0.0,3.0,1.0,1.0,3.0,3.0,1.0,1.0,67.0,9.0,67.0,9.0,72.0,9.0,72.0,9.0,5.0,0.0,1.0,0.5,0.0,1.0,His,67:9,67:9,His,72:9,72:9,0
0.0,0.0,3.0,1.0,1.0,3.0,3.0,1.0,1.0,68.0,9.0,68.0,9.0,69.0,9.0,69.0,9.0,1.0,0.0,1.0,0.5,0.0,1.0,His,68:9,68:9,His,69:9,69:9,0
0.0,0.0,3.0,1.0,1.0,3.0,3.0,1.0,1.0,68.0,9.0,68.0,9.0,70.0,9.0,70.0,9.0,2.0,0.0,1.0,0.5,0.0,1.0,His,68:9,68:9,His,70:9,70:9,0
0.0,0.0,3.0,1.0,1.0,3.0,3.0,1.0,1.0,68.0,9.0,68.0,9.0,71.0,9.0,71.0,9.0,3.0,0.0,1.0,0.5,0.0,1.0,His,68:9,68:9,His,71:9,71:9,0
0.0,0.0,3.0,1.0,1.0,3.0,3.0,1.0,1.0,68.0,9.0,68.0,9.0,72.0,9.0,72.0,9.0,4.0,0.0,1.0,0.5,0.0,1.0,His,68:9,68:9,His,72:9,72:9,0
0.0,0.0,3.0,1.0,1.0,3.0,3.0,1.0,1.0,68.0,9.0,68.0,9.0,73.0,9.0,73.0,9.0,5.0,0.0,1.0,0.5,0.0,1.0,His,68:9,68:9,His,73:9,73:9,0
0.0,0.0,3.0,1.0,1.0,3.0,3.0,1.0,1.0,68.0,9.0,68.0,9.0,73.0,1.0,73.0,1.0,5.0,0.0,1.0,0.5,0.0,1.0,His,68:9,68:9,his,73:1,73:1,0
0.0,0.0,3.0,1.0,1.0,3.0,3.0,1.0,1.0,69.0,9.0,69.0,9.0,70.0,9.0,70.0,9.0,1.0,0.0,1.0,0.5,0.0,1.0,His,69:9,69:9,His,70:9,70:9,0
0.0,0.0,3.0,1.0,1.0,3.0,3.0,1.0,1.0,69.0,9.0,69.0,9.0,71.0,9.0,71.0,9.0,2.0,0.0,1.0,0.5,0.0,1.0,His,69:9,69:9,His,71:9,71:9,0
0.0,0.0,3.0,1.0,1.0,3.0,3.0,1.0,1.0,69.0,9.0,69.0,9.0,72.0,9.0,72.0,9.0,3.0,0.0,1.0,0.5,0.0,1.0,His,69:9,69:9,His,72:9,72:9,0
0.0,0.0,3.0,1.0,1.0,3.0,3.0,1.0,1.0,69.0,9.0,69.0,9.0,73.0,9.0,73.0,9.0,4.0,0.0,1.0,0.5,0.0,1.0,His,69:9,69:9,His,73:9,73:9,0
0.0,0.0,3.0,1.0,1.0,3.0,3.0,1.0,1.0,69.0,9.0,69.0,9.0,73.0,1.0,73.0,1.0,4.0,0.0,1.0,0.5,0.0,1.0,His,69:9,69:9,his,73:1,73:1,0
0.0,0.0,3.0,1.0,1.0,3.0,3.0,1.0,1.0,69.0,9.0,69.0,9.0,74.0,1.0,74.0,1.0,5.0,0.0,1.0,0.5,0.0,1.0,His,69:9,69:9,His,74:1,74:1,0
0.0,0.0,3.0,1.0,1.0,3.0,3.0,1.0,1.0,70.0,9.0,70.0,9.0,71.0,9.0,71.0,9.0,1.0,0.0,1.0,0.5,0.0,1.0,His,70:9,70:9,His,71:9,71:9,0
0.0,0.0,3.0,1.0,1.0,3.0,3.0,1.0,1.0,70.0,9.0,70.0,9.0,72.0,9.0,72.0,9.0,2.0,0.0,1.0,0.5,0.0,1.0,His,70:9,70:9,His,72:9,72:9,0
0.0,0.0,3.0,1.0,1.0,3.0,3.0,1.0,1.0,70.0,9.0,70.0,9.0,73.0,9.0,73.0,9.0,3.0,0.0,1.0,0.5,0.0,1.0,His,70:9,70:9,His,73:9,73:9,0
0.0,0.0,3.0,1.0,1.0,3.0,3.0,1.0,1.0,70.0,9.0,70.0,9.0,73.0,1.0,73.0,1.0,3.0,0.0,1.0,0.5,0.0,1.0,His,70:9,70:9,his,73:1,73:1,0
0.0,0.0,3.0,1.0,1.0,3.0,3.0,1.0,1.0,70.0,9.0,70.0,9.0,74.0,1.0,74.0,1.0,4.0,0.0,1.0,0.5,0.0,1.0,His,70:9,70:9,His,74:1,74:1,0
0.0,0.0,3.0,1.0,1.0,3.0,3.0,1.0,1.0,70.0,9.0,70.0,9.0,75.0,1.0,75.0,1.0,5.0,0.0,1.0,0.5,0.0,1.0,His,70:9,70:9,His,75:1,75:1,0
0.0,0.0,3.0,1.0,1.0,3.0,3.0,1.0,1.0,71.0,9.0,71.0,9.0,72.0,9.0,72.0,9.0,1.0,0.0,1.0,0.5,0.0,1.0,His,71:9,71:9,His,72:9,72:9,0
0.0,0.0,3.0,1.0,1.0,3.0,3.0,1.0,1.0,71.0,9.0,71.0,9.0,73.0,9.0,73.0,9.0,2.0,0.0,1.0,0.5,0.0,1.0,His,71:9,71:9,His,73:9,73:9,0
0.0,0.0,3.0,1.0,1.0,3.0,3.0,1.0,1.0,71.0,9.0,71.0,9.0,73.0,1.0,73.0,1.0,2.0,0.0,1.0,0.5,0.0,1.0,His,71:9,71:9,his,73:1,73:1,0
0.0,0.0,3.0,1.0,1.0,3.0,3.0,1.0,1.0,71.0,9.0,71.0,9.0,74.0,1.0,74.0,1.0,3.0,0.0,1.0,0.5,0.0,1.0,His,71:9,71:9,His,74:1,74:1,0
0.0,0.0,3.0,1.0,1.0,3.0,3.0,1.0,1.0,71.0,9.0,71.0,9.0,75.0,1.0,75.0,1.0,4.0,0.0,1.0,0.5,0.0,1.0,His,71:9,71:9,His,75:1,75:1,0
0.0,0.0,3.0,1.0,1.0,3.0,3.0,1.0,1.0,71.0,9.0,71.0,9.0,76.0,12.0,76.0,12.0,5.0,0.0,1.0,0.5,0.0,1.0,His,71:9,71:9,His,76:12,76:12,0
0.0,0.0,3.0,1.0,1.0,3.0,3.0,1.0,1.0,72.0,9.0,72.0,9.0,73.0,9.0,73.0,9.0,1.0,0.0,1.0,0.5,0.0,1.0,His,72:9,72:9,His,73:9,73:9,0
0.0,0.0,3.0,1.0,1.0,3.0,3.0,1.0,1.0,72.0,9.0,72.0,9.0,73.0,1.0,73.0,1.0,1.0,0.0,1.0,0.5,0.0,1.0,His,72:9,72:9,his,73:1,73:1,0
0.0,0.0,3.0,1.0,1.0,3.0,3.0,1.0,1.0,72.0,9.0,72.0,9.0,74.0,1.0,74.0,1.0,2.0,0.0,1.0,0.5,0.0,1.0,His,72:9,72:9,His,74:1,74:1,0
0.0,0.0,3.0,1.0,1.0,3.0,3.0,1.0,1.0,72.0,9.0,72.0,9.0,75.0,1.0,75.0,1.0,3.0,0.0,1.0,0.5,0.0,1.0,His,72:9,72:9,His,75:1,75:1,0
0.0,0.0,3.0,1.0,1.0,3.0,3.0,1.0,1.0,72.0,9.0,72.0,9.0,76.0,12.0,76.0,12.0,4.0,0.0,1.0,0.5,0.0,1.0,His,72:9,72:9,His,76:12,76:12,0
0.0,0.0,3.0,1.0,1.0,3.0,3.0,1.0,1.0,72.0,9.0,72.0,9.0,77.0,12.0,77.0,12.0,5.0,0.0,1.0,0.5,0.0,1.0,His,72:9,72:9,His,77:12,77:12,0
0.0,0.0,3.0,1.0,1.0,3.0,3.0,1.0,1.0,73.0,9.0,73.0,9.0,73.0,1.0,73.0,1.0,0.0,0.0,1.0,0.5,0.0,1.0,His,73:9,73:9,his,73:1,73:1,0
0.0,0.0,3.0,1.0,1.0,3.0,3.0,1.0,1.0,73.0,9.0,73.0,9.0,74.0,1.0,74.0,1.0,1.0,0.0,1.0,0.5,0.0,1.0,His,73:9,73:9,His,74:1,74:1,0
0.0,0.0,3.0,1.0,1.0,3.0,3.0,1.0,1.0,73.0,9.0,73.0,9.0,76.0,12.0,76.0,12.0,3.0,0.0,1.0,0.5,0.0,1.0,His,73:9,73:9,His,76:12,76:12,0
0.0,0.0,3.0,1.0,1.0,3.0,3.0,1.0,1.0,73.0,9.0,73.0,9.0,77.0,12.0,77.0,12.0,4.0,0.0,1.0,0.5,0.0,1.0,His,73:9,73:9,His,77:12,77:12,0
0.0,0.0,3.0,1.0,1.0,3.0,3.0,1.0,1.0,73.0,9.0,73.0,9.0,78.0,12.0,78.0,12.0,5.0,0.0,1.0,0.5,0.0,1.0,His,73:9,73:9,His,78:12,78:12,0
0.0,0.0,3.0,1.0,1.0,3.0,3.0,1.0,1.0,73.0,1.0,73.0,1.0,74.0,1.0,74.0,1.0,1.0,0.0,1.0,0.5,0.0,1.0,his,73:1,73:1,His,74:1,74:1,0
0.0,0.0,3.0,1.0,1.0,3.0,3.0,1.0,1.0,73.0,1.0,73.0,1.0,75.0,1.0,75.0,1.0,2.0,0.0,1.0,0.5,0.0,1.0,his,73:1,73:1,His,75:1,75:1,0
0.0,0.0,3.0,1.0,1.0,3.0,3.0,1.0,1.0,73.0,1.0,73.0,1.0,76.0,12.0,76.0,12.0,3.0,0.0,1.0,0.5,0.0,1.0,his,73:1,73:1,His,76:12,76:12,0
0.0,0.0,3.0,1.0,1.0,3.0,3.0,1.0,1.0,73.0,1.0,73.0,1.0,77.0,12.0,77.0,12.0,4.0,0.0,1.0,0.5,0.0,1.0,his,73:1,73:1,His,77:12,77:12,0
0.0,0.0,3.0,1.0,1.0,3.0,3.0,1.0,1.0,73.0,1.0,73.0,1.0,78.0,12.0,78.0,12.0,5.0,0.0,1.0,0.5,0.0,1.0,his,73:1,73:1,His,78:12,78:12,0
0.0,0.0,3.0,1.0,1.0,3.0,3.0,1.0,1.0,74.0,1.0,74.0,1.0,75.0,1.0,75.0,1.0,1.0,0.0,1.0,0.5,0.0,1.0,His,74:1,74:1,His,75:1,75:1,0
0.0,0.0,3.0,1.0,1.0,3.0,3.0,1.0,1.0,74.0,1.0,74.0,1.0,76.0,12.0,76.0,12.0,2.0,0.0,1.0,0.5,0.0,1.0,His,74:1,74:1,His,76:12,76:12,0
0.0,0.0,3.0,1.0,1.0,3.0,3.0,1.0,1.0,74.0,1.0,74.0,1.0,77.0,12.0,77.0,12.0,3.0,0.0,1.0,0.5,0.0,1.0,His,74:1,74:1,His,77:12,77:12,0
0.0,0.0,3.0,1.0,1.0,3.0,3.0,1.0,1.0,74.0,1.0,74.0,1.0,78.0,12.0,78.0,12.0,4.0,0.0,1.0,0.5,0.0,1.0,His,74:1,74:1,His,78:12,78:12,0
0.0,0.0,3.0,1.0,1.0,3.0,3.0,1.0,1.0,74.0,1.0,74.0,1.0,79.0,12.0,79.0,12.0,5.0,0.0,1.0,0.5,0.0,1.0,His,74:1,74:1,His,79:12,79:12,0
0.0,0.0,3.0,1.0,1.0,3.0,3.0,1.0,1.0,75.0,1.0,75.0,1.0,76.0,12.0,76.0,12.0,1.0,0.0,1.0,0.5,0.0,1.0,His,75:1,75:1,His,76:12,76:12,0
0.0,0.0,3.0,1.0,1.0,3.0,3.0,1.0,1.0,75.0,1.0,75.0,1.0,77.0,12.0,77.0,12.0,2.0,0.0,1.0,0.5,0.0,1.0,His,75:1,75:1,His,77:12,77:12,0
0.0,0.0,3.0,1.0,1.0,3.0,3.0,1.0,1.0,75.0,1.0,75.0,1.0,78.0,12.0,78.0,12.0,3.0,0.0,1.0,0.5,0.0,1.0,His,75:1,75:1,His,78:12,78:12,0
0.0,0.0,3.0,1.0,1.0,3.0,3.0,1.0,1.0,75.0,1.0,75.0,1.0,79.0,12.0,79.0,12.0,4.0,0.0,1.0,0.5,0.0,1.0,His,75:1,75:1,His,79:12,79:12,0
0.0,0.0,3.0,1.0,1.0,3.0,3.0,1.0,1.0,75.0,1.0,75.0,1.0,80.0,12.0,80.0,12.0,5.0,0.0,1.0,0.5,0.0,1.0,His,75:1,75:1,His,80:12,80:12,0
0.0,0.0,3.0,1.0,1.0,3.0,3.0,1.0,1.0,76.0,12.0,76.0,12.0,77.0,12.0,77.0,12.0,1.0,0.0,1.0,0.5,0.0,1.0,His,76:12,76:12,His,77:12,77:12,0
0.0,0.0,3.0,1.0,1.0,3.0,3.0,1.0,1.0,76.0,12.0,76.0,12.0,78.0,12.0,78.0,12.0,2.0,0.0,1.0,0.5,0.0,1.0,His,76:12,76:12,His,78:12,78:12,0
0.0,0.0,3.0,1.0,1.0,3.0,3.0,1.0,1.0,76.0,12.0,76.0,12.0,79.0,12.0,79.0,12.0,3.0,0.0,1.0,0.5,0.0,1.0,His,76:12,76:12,His,79:12,79:12,0
0.0,0.0,3.0,1.0,1.0,3.0,3.0,1.0,1.0,76.0,12.0,76.0,12.0,80.0,12.0,80.0,12.0,4.0,0.0,1.0,0.5,0.0,1.0,His,76:12,76:12,His,80:12,80:12,0
0.0,0.0,3.0,1.0,1.0,3.0,3.0,1.0,1.0,76.0,12.0,76.0,12.0,81.0,12.0,81.0,12.0,5.0,0.0,1.0,0.5,0.0,1.0,His,76:12,76:12,His,81:12,81:12,0
0.0,0.0,3.0,1.0,1.0,3.0,3.0,1.0,1.0,77.0,12.0,77.0,12.0,78.0,12.0,78.0,12.0,1.0,0.0,1.0,0.5,0.0,1.0,His,77:12,77:12,His,78:12,78:12,0
0.0,0.0,3.0,1.0,1.0,3.0,3.0,1.0,1.0,77.0,12.0,77.0,12.0,79.0,12.0,79.0,12.0,2.0,0.0,1.0,0.5,0.0,1.0,His,77:12,77:12,His,79:12,79:12,0
0.0,0.0,3.0,1.0,1.0,3.0,3.0,1.0,1.0,77.0,12.0,77.0,12.0,80.0,12.0,80.0,12.0,3.0,0.0,1.0,0.5,0.0,1.0,His,77:12,77:12,His,80:12,80:12,0
0.0,0.0,3.0,1.0,1.0,3.0,3.0,1.0,1.0,77.0,12.0,77.0,12.0,81.0,12.0,81.0,12.0,4.0,0.0,1.0,0.5,0.0,1.0,His,77:12,77:12,His,81:12,81:12,0
0.0,0.0,3.0,1.0,1.0,3.0,3.0,1.0,1.0,77.0,12.0,77.0,12.0,82.0,12.0,82.0,12.0,5.0,0.0,1.0,0.5,0.0,1.0,His,77:12,77:12,His,82:12,82:12,0
0.0,0.0,3.0,1.0,1.0,3.0,3.0,1.0,1.0,78.0,12.0,78.0,12.0,79.0,12.0,79.0,12.0,1.0,0.0,1.0,0.5,0.0,1.0,His,78:12,78:12,His,79:12,79:12,0
0.0,0.0,3.0,1.0,1.0,3.0,3.0,1.0,1.0,78.0,12.0,78.0,12.0,80.0,12.0,80.0,12.0,2.0,0.0,1.0,0.5,0.0,1.0,His,78:12,78:12,His,80:12,80:12,0
0.0,0.0,3.0,1.0,1.0,3.0,3.0,1.0,1.0,78.0,12.0,78.0,12.0,81.0,12.0,81.0,12.0,3.0,0.0,1.0,0.5,0.0,1.0,His,78:12,78:12,His,81:12,81:12,0
0.0,0.0,3.0,1.0,1.0,3.0,3.0,1.0,1.0,78.0,12.0,78.0,12.0,82.0,12.0,82.0,12.0,4.0,0.0,1.0,0.5,0.0,1.0,His,78:12,78:12,His,82:12,82:12,0
0.0,0.0,3.0,1.0,1.0,3.0,3.0,1.0,1.0,78.0,12.0,78.0,12.0,83.0,12.0,83.0,12.0,5.0,0.0,1.0,0.5,0.0,1.0,His,78:12,78:12,His,83:12,83:12,0
0.0,0.0,3.0,1.0,1.0,3.0,3.0,1.0,1.0,79.0,12.0,79.0,12.0,80.0,12.0,80.0,12.0,1.0,0.0,1.0,0.5,0.0,1.0,His,79:12,79:12,His,80:12,80:12,0
0.0,0.0,3.0,1.0,1.0,3.0,3.0,1.0,1.0,79.0,12.0,79.0,12.0,81.0,12.0,81.0,12.0,2.0,0.0,1.0,0.5,0.0,1.0,His,79:12,79:12,His,81:12,81:12,0
0.0,0.0,3.0,1.0,1.0,3.0,3.0,1.0,1.0,79.0,12.0,79.0,12.0,82.0,12.0,82.0,12.0,3.0,0.0,1.0,0.5,0.0,1.0,His,79:12,79:12,His,82:12,82:12,0
0.0,0.0,3.0,1.0,1.0,3.0,3.0,1.0,1.0,79.0,12.0,79.0,12.0,83.0,12.0,83.0,12.0,4.0,0.0,1.0,0.5,0.0,1.0,His,79:12,79:12,His,83:12,83:12,0
0.0,0.0,3.0,1.0,1.0,3.0,3.0,1.0,1.0,79.0,12.0,79.0,12.0,84.0,12.0,84.0,12.0,5.0,0.0,1.0,0.5,0.0,1.0,His,79:12,79:12,His,84:12,84:12,0
0.0,0.0,3.0,1.0,1.0,3.0,3.0,1.0,1.0,80.0,12.0,80.0,12.0,81.0,12.0,81.0,12.0,1.0,0.0,1.0,0.5,0.0,1.0,His,80:12,80:12,His,81:12,81:12,0
0.0,0.0,3.0,1.0,1.0,3.0,3.0,1.0,1.0,80.0,12.0,80.0,12.0,82.0,12.0,82.0,12.0,2.0,0.0,1.0,0.5,0.0,1.0,His,80:12,80:12,His,82:12,82:12,0
0.0,0.0,3.0,1.0,1.0,3.0,3.0,1.0,1.0,80.0,12.0,80.0,12.0,83.0,12.0,83.0,12.0,3.0,0.0,1.0,0.5,0.0,1.0,His,80:12,80:12,His,83:12,83:12,0
0.0,0.0,3.0,1.0,1.0,3.0,3.0,1.0,1.0,80.0,12.0,80.0,12.0,84.0,12.0,84.0,12.0,4.0,0.0,1.0,0.5,0.0,1.0,His,80:12,80:12,His,84:12,84:12,0
0.0,0.0,3.0,1.0,1.0,3.0,3.0,1.0,1.0,80.0,12.0,80.0,12.0,85.0,12.0,85.0,12.0,5.0,0.0,1.0,0.5,0.0,1.0,His,80:12,80:12,His,85:12,85:12,0
0.0,0.0,3.0,1.0,1.0,3.0,3.0,1.0,1.0,81.0,12.0,81.0,12.0,82.0,12.0,82.0,12.0,1.0,0.0,1.0,0.5,0.0,1.0,His,81:12,81:12,His,82:12,82:12,0
0.0,0.0,3.0,1.0,1.0,3.0,3.0,1.0,1.0,81.0,12.0,81.0,12.0,83.0,12.0,83.0,12.0,2.0,0.0,1.0,0.5,0.0,1.0,His,81:12,81:12,His,83:12,83:12,0
0.0,0.0,3.0,1.0,1.0,3.0,3.0,1.0,1.0,81.0,12.0,81.0,12.0,84.0,12.0,84.0,12.0,3.0,0.0,1.0,0.5,0.0,1.0,His,81:12,81:12,His,84:12,84:12,0
0.0,0.0,3.0,1.0,1.0,3.0,3.0,1.0,1.0,81.0,12.0,81.0,12.0,85.0,12.0,85.0,12.0,4.0,0.0,1.0,0.5,0.0,1.0,His,81:12,81:12,His,85:12,85:12,0
0.0,0.0,3.0,1.0,1.0,3.0,3.0,1.0,1.0,81.0,12.0,81.0,12.0,86.0,12.0,86.0,12.0,5.0,0.0,1.0,0.5,0.0,1.0,His,81:12,81:12,His,86:12,86:12,0
0.0,0.0,3.0,1.0,1.0,3.0,3.0,1.0,1.0,82.0,12.0,82.0,12.0,83.0,12.0,83.0,12.0,1.0,0.0,1.0,0.5,0.0,1.0,His,82:12,82:12,His,83:12,83:12,0
0.0,0.0,3.0,1.0,1.0,3.0,3.0,1.0,1.0,82.0,12.0,82.0,12.0,84.0,12.0,84.0,12.0,2.0,0.0,1.0,0.5,0.0,1.0,His,82:12,82:12,His,84:12,84:12,0
0.0,0.0,3.0,1.0,1.0,3.0,3.0,1.0,1.0,82.0,12.0,82.0,12.0,85.0,12.0,85.0,12.0,3.0,0.0,1.0,0.5,0.0,1.0,His,82:12,82:12,His,85:12,85:12,0
0.0,0.0,3.0,1.0,1.0,3.0,3.0,1.0,1.0,82.0,12.0,82.0,12.0,86.0,12.0,86.0,12.0,4.0,0.0,1.0,0.5,0.0,1.0,His,82:12,82:12,His,86:12,86:12,0
0.0,0.0,3.0,1.0,1.0,3.0,3.0,1.0,1.0,82.0,12.0,82.0,12.0,87.0,12.0,87.0,12.0,5.0,0.0,1.0,0.5,0.0,1.0,His,82:12,82:12,His,87:12,87:12,0
0.0,0.0,3.0,1.0,1.0,3.0,3.0,1.0,1.0,83.0,12.0,83.0,12.0,84.0,12.0,84.0,12.0,1.0,0.0,1.0,0.5,0.0,1.0,His,83:12,83:12,His,84:12,84:12,0
0.0,0.0,3.0,1.0,1.0,3.0,3.0,1.0,1.0,83.0,12.0,83.0,12.0,85.0,12.0,85.0,12.0,2.0,0.0,1.0,0.5,0.0,1.0,His,83:12,83:12,His,85:12,85:12,0
0.0,0.0,3.0,1.0,1.0,3.0,3.0,1.0,1.0,83.0,12.0,83.0,12.0,86.0,12.0,86.0,12.0,3.0,0.0,1.0,0.5,0.0,1.0,His,83:12,83:12,His,86:12,86:12,0
0.0,0.0,3.0,1.0,1.0,3.0,3.0,1.0,1.0,83.0,12.0,83.0,12.0,87.0,12.0,87.0,12.0,4.0,0.0,1.0,0.5,0.0,1.0,His,83:12,83:12,His,87:12,87:12,0
0.0,0.0,3.0,1.0,1.0,3.0,3.0,1.0,1.0,84.0,12.0,84.0,12.0,85.0,12.0,85.0,12.0,1.0,0.0,1.0,0.5,0.0,1.0,His,84:12,84:12,His,85:12,85:12,0
0.0,0.0,3.0,1.0,1.0,3.0,3.0,1.0,1.0,84.0,12.0,84.0,12.0,86.0,12.0,86.0,12.0,2.0,0.0,1.0,0.5,0.0,1.0,His,84:12,84:12,His,86:12,86:12,0
0.0,0.0,3.0,1.0,1.0,3.0,3.0,1.0,1.0,84.0,12.0,84.0,12.0,87.0,12.0,87.0,12.0,3.0,0.0,1.0,0.5,0.0,1.0,His,84:12,84:12,His,87:12,87:12,0
0.0,0.0,3.0,1.0,1.0,3.0,3.0,1.0,1.0,85.0,12.0,85.0,12.0,86.0,12.0,86.0,12.0,1.0,0.0,1.0,0.5,0.0,1.0,His,85:12,85:12,His,86:12,86:12,0
0.0,0.0,3.0,1.0,1.0,3.0,3.0,1.0,1.0,85.0,12.0,85.0,12.0,87.0,12.0,87.0,12.0,2.0,0.0,1.0,0.5,0.0,1.0,His,85:12,85:12,His,87:12,87:12,0
0.0,0.0,3.0,1.0,1.0,3.0,3.0,1.0,1.0,86.0,12.0,86.0,12.0,87.0,12.0,87.0,12.0,1.0,0.0,1.0,0.5,0.0,1.0,His,86:12,86:12,His,87:12,87:12,0
2.0,1.0,15.0,1.0,1.0,16.0,8.0,2.0,1.0,16.0,0.0,16.0,1.0,16.0,5.0,16.0,5.0,0.0,1.0,1.0,0.666666666667,-0.405465108108,0.666666666667,Prenatal screens,16:0,16:1,antibody,16:5,16:5,0
2.0,2.0,23.0,1.0,1.0,16.0,25.0,2.0,3.0,16.0,0.0,16.0,1.0,16.0,8.0,16.0,10.0,0.0,2.0,1.0,0.4,-0.916290731874,0.4,Prenatal screens,16:0,16:1,hepatitis surface antigen,16:8,16:10,0
2.0,1.0,18.0,1.0,1.0,16.0,19.0,2.0,3.0,16.0,0.0,16.0,1.0,16.0,13.0,16.0,15.0,0.0,1.0,1.0,0.4,-0.916290731874,0.4,Prenatal screens,16:0,16:1,rapid plasma reagin,16:13,16:15,0
2.0,1.0,15.0,1.0,1.0,16.0,7.0,2.0,1.0,16.0,0.0,16.0,1.0,16.0,18.0,16.0,18.0,0.0,1.0,1.0,0.666666666667,-0.405465108108,0.666666666667,Prenatal screens,16:0,16:1,rubella,16:18,16:18,0
2.0,2.0,14.0,1.0,1.0,16.0,13.0,2.0,3.0,16.0,0.0,16.0,1.0,16.0,21.0,16.0,23.0,0.0,2.0,2.0,0.4,-0.510825623766,0.6,Prenatal screens,16:0,16:1,group B strep,16:21,16:23,0
2.0,3.0,13.0,1.0,1.0,16.0,12.0,2.0,2.0,16.0,0.0,16.0,1.0,17.0,5.0,17.0,6.0,1.0,3.0,2.0,0.5,-0.287682072452,0.75,Prenatal screens,16:0,16:1,Apgar scores,17:5,17:6,0
2.0,1.0,17.0,1.0,1.0,16.0,18.0,2.0,3.0,16.0,0.0,16.0,1.0,18.0,0.0,18.0,2.0,2.0,1.0,2.0,0.4,-0.510825623766,0.6,Prenatal screens,16:0,16:1,Alleyne blood type,18:0,18:2,0
2.0,0.0,16.0,1.0,1.0,16.0,6.0,2.0,1.0,16.0,0.0,16.0,1.0,18.0,6.0,18.0,6.0,2.0,0.0,1.0,0.666666666667,-0.405465108108,0.666666666667,Prenatal screens,16:0,16:1,Coombs,18:6,18:6,0
2.0,1.0,15.0,1.0,1.0,16.0,11.0,2.0,2.0,16.0,0.0,16.0,1.0,19.0,11.0,19.0,12.0,3.0,1.0,1.0,0.5,-0.69314718056,0.5,Prenatal screens,16:0,16:1,a bilirubin,19:11,19:12,0
2.0,0.0,25.0,1.0,1.0,8.0,25.0,1.0,3.0,16.0,5.0,16.0,5.0,16.0,8.0,16.0,10.0,0.0,0.0,1.0,0.25,-0.69314718056,0.5,antibody,16:5,16:5,hepatitis surface antigen,16:8,16:10,0
2.0,1.0,18.0,1.0,1.0,8.0,19.0,1.0,3.0,16.0,5.0,16.0,5.0,16.0,13.0,16.0,15.0,0.0,1.0,1.0,0.25,-0.69314718056,0.5,antibody,16:5,16:5,rapid plasma reagin,16:13,16:15,0
2.0,1.0,7.0,1.0,1.0,8.0,7.0,1.0,1.0,16.0,5.0,16.0,5.0,16.0,18.0,16.0,18.0,0.0,1.0,1.0,0.5,0.0,1.0,antibody,16:5,16:5,rubella,16:18,16:18,0
2.0,1.0,12.0,1.0,1.0,8.0,13.0,1.0,3.0,16.0,5.0,16.0,5.0,16.0,21.0,16.0,23.0,0.0,1.0,1.0,0.25,-0.69314718056,0.5,antibody,16:5,16:5,group B strep,16:21,16:23,0
2.0,0.0,12.0,1.0,1.0,8.0,12.0,1.0,2.0,16.0,5.0,16.0,5.0,17.0,5.0,17.0,6.0,1.0,0.0,1.0,0.333333333333,-0.405465108108,0.666666666667,antibody,16:5,16:5,Apgar scores,17:5,17:6,0
2.0,1.0,17.0,1.0,1.0,8.0,18.0,1.0,3.0,16.0,5.0,16.0,5.0,18.0,0.0,18.0,2.0,2.0,1.0,1.0,0.25,-0.69314718056,0.5,antibody,16:5,16:5,Alleyne blood type,18:0,18:2,0
2.0,1.0,7.0,1.0,1.0,8.0,6.0,1.0,1.0,16.0,5.0,16.0,5.0,18.0,6.0,18.0,6.0,2.0,1.0,1.0,0.5,0.0,1.0,antibody,16:5,16:5,Coombs,18:6,18:6,0
2.0,1.0,10.0,1.0,1.0,8.0,11.0,1.0,2.0,16.0,5.0,16.0,5.0,19.0,11.0,19.0,12.0,3.0,1.0,1.0,0.333333333333,-0.405465108108,0.666666666667,antibody,16:5,16:5,a bilirubin,19:11,19:12,0
2.0,1.0,24.0,1.0,1.0,25.0,19.0,3.0,3.0,16.0,8.0,16.0,10.0,16.0,13.0,16.0,15.0,0.0,1.0,1.0,0.5,-1.09861228867,0.333333333333,hepatitis surface antigen,16:8,16:10,rapid plasma reagin,16:13,16:15,0
2.0,1.0,24.0,1.0,1.0,25.0,7.0,3.0,1.0,16.0,8.0,16.0,10.0,16.0,18.0,16.0,18.0,0.0,1.0,1.0,0.75,-0.69314718056,0.5,hepatitis surface antigen,16:8,16:10,rubella,16:18,16:18,0
2.0,2.0,23.0,1.0,1.0,25.0,13.0,3.0,3.0,16.0,8.0,16.0,10.0,16.0,21.0,16.0,23.0,0.0,2.0,2.0,0.5,-0.69314718056,0.5,hepatitis surface antigen,16:8,16:10,group B strep,16:21,16:23,0
2.0,2.0,23.0,1.0,1.0,25.0,12.0,3.0,2.0,16.0,8.0,16.0,10.0,17.0,5.0,17.0,6.0,1.0,2.0,2.0,0.6,-0.510825623766,0.6,hepatitis surface antigen,16:8,16:10,Apgar scores,17:5,17:6,0
2.0,2.0,23.0,1.0,1.0,25.0,18.0,3.0,3.0,16.0,8.0,16.0,10.0,18.0,0.0,18.0,2.0,2.0,2.0,2.0,0.5,-0.69314718056,0.5,hepatitis surface antigen,16:8,16:10,Alleyne blood type,18:0,18:2,0
2.0,0.0,25.0,1.0,1.0,25.0,6.0,3.0,1.0,16.0,8.0,16.0,10.0,18.0,6.0,18.0,6.0,2.0,0.0,1.0,0.75,-0.69314718056,0.5,hepatitis surface antigen,16:8,16:10,Coombs,18:6,18:6,0
2.0,1.0,24.0,1.0,1.0,25.0,11.0,3.0,2.0,16.0,8.0,16.0,10.0,19.0,11.0,19.0,12.0,3.0,1.0,1.0,0.6,-0.916290731874,0.4,hepatitis surface antigen,16:8,16:10,a bilirubin,19:11,19:12,0
2.0,1.0,18.0,1.0,1.0,19.0,7.0,3.0,1.0,16.0,13.0,16.0,15.0,16.0,18.0,16.0,18.0,0.0,1.0,1.0,0.75,-0.69314718056,0.5,rapid plasma reagin,16:13,16:15,rubella,16:18,16:18,0
2.0,2.0,17.0,1.0,1.0,19.0,13.0,3.0,3.0,16.0,13.0,16.0,15.0,16.0,21.0,16.0,23.0,0.0,2.0,1.0,0.5,-1.09861228867,0.333333333333,rapid plasma reagin,16:13,16:15,group B strep,16:21,16:23,0
2.0,2.0,17.0,1.0,1.0,19.0,12.0,3.0,2.0,16.0,13.0,16.0,15.0,17.0,5.0,17.0,6.0,1.0,2.0,1.0,0.6,-0.916290731874,0.4,rapid plasma reagin,16:13,16:15,Apgar scores,17:5,17:6,0
2.0,1.0,18.0,1.0,1.0,19.0,18.0,3.0,3.0,16.0,13.0,16.0,15.0,18.0,0.0,18.0,2.0,2.0,1.0,1.0,0.5,-1.09861228867,0.333333333333,rapid plasma reagin,16:13,16:15,Alleyne blood type,18:0,18:2,0
2.0,1.0,18.0,1.0,1.0,19.0,6.0,3.0,1.0,16.0,13.0,16.0,15.0,18.0,6.0,18.0,6.0,2.0,1.0,1.0,0.75,-0.69314718056,0.5,rapid plasma reagin,16:13,16:15,Coombs,18:6,18:6,0
2.0,2.0,17.0,1.0,1.0,19.0,11.0,3.0,2.0,16.0,13.0,16.0,15.0,19.0,11.0,19.0,12.0,3.0,2.0,2.0,0.6,-0.510825623766,0.6,rapid plasma reagin,16:13,16:15,a bilirubin,19:11,19:12,0
2.0,0.0,13.0,1.0,1.0,7.0,13.0,1.0,3.0,16.0,18.0,16.0,18.0,16.0,21.0,16.0,23.0,0.0,0.0,1.0,0.25,-0.69314718056,0.5,rubella,16:18,16:18,group B strep,16:21,16:23,0
2.0,1.0,11.0,1.0,1.0,7.0,12.0,1.0,2.0,16.0,18.0,16.0,18.0,17.0,5.0,17.0,6.0,1.0,1.0,1.0,0.333333333333,-0.405465108108,0.666666666667,rubella,16:18,16:18,Apgar scores,17:5,17:6,0
2.0,2.0,16.0,1.0,1.0,7.0,18.0,1.0,3.0,16.0,18.0,16.0,18.0,18.0,0.0,18.0,2.0,2.0,2.0,1.0,0.25,-0.69314718056,0.5,rubella,16:18,16:18,Alleyne blood type,18:0,18:2,0
2.0,0.0,7.0,1.0,1.0,7.0,6.0,1.0,1.0,16.0,18.0,16.0,18.0,18.0,6.0,18.0,6.0,2.0,0.0,1.0,0.5,0.0,1.0,rubella,16:18,16:18,Coombs,18:6,18:6,0
2.0,1.0,10.0,1.0,1.0,7.0,11.0,1.0,2.0,16.0,18.0,16.0,18.0,19.0,11.0,19.0,12.0,3.0,1.0,1.0,0.333333333333,-0.405465108108,0.666666666667,rubella,16:18,16:18,a bilirubin,19:11,19:12,0
2.0,2.0,11.0,1.0,1.0,13.0,12.0,3.0,2.0,16.0,21.0,16.0,23.0,17.0,5.0,17.0,6.0,1.0,2.0,1.0,0.6,-0.916290731874,0.4,group B strep,16:21,16:23,Apgar scores,17:5,17:6,0
2.0,1.0,17.0,1.0,1.0,13.0,18.0,3.0,3.0,16.0,21.0,16.0,23.0,18.0,0.0,18.0,2.0,2.0,1.0,2.0,0.5,-0.69314718056,0.5,group B strep,16:21,16:23,Alleyne blood type,18:0,18:2,0
2.0,1.0,12.0,1.0,1.0,13.0,6.0,3.0,1.0,16.0,21.0,16.0,23.0,18.0,6.0,18.0,6.0,2.0,1.0,1.0,0.75,-0.69314718056,0.5,group B strep,16:21,16:23,Coombs,18:6,18:6,0
2.0,1.0,12.0,1.0,1.0,13.0,11.0,3.0,2.0,16.0,21.0,16.0,23.0,19.0,11.0,19.0,12.0,3.0,1.0,2.0,0.6,-0.510825623766,0.6,group B strep,16:21,16:23,a bilirubin,19:11,19:12,0
2.0,1.0,17.0,1.0,1.0,12.0,18.0,2.0,3.0,17.0,5.0,17.0,6.0,18.0,0.0,18.0,2.0,1.0,1.0,1.0,0.4,-0.916290731874,0.4,Apgar scores,17:5,17:6,Alleyne blood type,18:0,18:2,0
2.0,1.0,11.0,1.0,1.0,12.0,6.0,2.0,1.0,17.0,5.0,17.0,6.0,18.0,6.0,18.0,6.0,1.0,1.0,1.0,0.666666666667,-0.405465108108,0.666666666667,Apgar scores,17:5,17:6,Coombs,18:6,18:6,0
2.0,1.0,11.0,1.0,1.0,12.0,11.0,2.0,2.0,17.0,5.0,17.0,6.0,19.0,11.0,19.0,12.0,2.0,1.0,1.0,0.5,-0.69314718056,0.5,Apgar scores,17:5,17:6,a bilirubin,19:11,19:12,0
2.0,2.0,16.0,1.0,1.0,18.0,6.0,3.0,1.0,18.0,0.0,18.0,2.0,18.0,6.0,18.0,6.0,0.0,2.0,1.0,0.75,-0.69314718056,0.5,Alleyne blood type,18:0,18:2,Coombs,18:6,18:6,0
2.0,2.0,16.0,1.0,1.0,18.0,11.0,3.0,2.0,18.0,0.0,18.0,2.0,19.0,11.0,19.0,12.0,1.0,2.0,2.0,0.6,-0.510825623766,0.6,Alleyne blood type,18:0,18:2,a bilirubin,19:11,19:12,0
2.0,2.0,16.0,1.0,1.0,18.0,14.0,3.0,3.0,18.0,0.0,18.0,2.0,23.0,0.0,23.0,2.0,5.0,2.0,2.0,0.5,-0.69314718056,0.5,Alleyne blood type,18:0,18:2,The heart rate,23:0,23:2,0
2.0,1.0,17.0,1.0,1.0,18.0,6.0,3.0,1.0,18.0,0.0,18.0,2.0,23.0,9.0,23.0,9.0,5.0,1.0,1.0,0.75,-0.69314718056,0.5,Alleyne blood type,18:0,18:2,pulses,23:9,23:9,0
2.0,1.0,10.0,1.0,1.0,6.0,11.0,1.0,2.0,18.0,6.0,18.0,6.0,19.0,11.0,19.0,12.0,1.0,1.0,1.0,0.333333333333,-0.405465108108,0.666666666667,Coombs,18:6,18:6,a bilirubin,19:11,19:12,0
2.0,0.0,14.0,1.0,1.0,6.0,14.0,1.0,3.0,18.0,6.0,18.0,6.0,23.0,0.0,23.0,2.0,5.0,0.0,1.0,0.25,-0.69314718056,0.5,Coombs,18:6,18:6,The heart rate,23:0,23:2,0
2.0,1.0,5.0,1.0,1.0,6.0,6.0,1.0,1.0,18.0,6.0,18.0,6.0,23.0,9.0,23.0,9.0,5.0,1.0,1.0,0.5,0.0,1.0,Coombs,18:6,18:6,pulses,23:9,23:9,0
2.0,0.0,14.0,1.0,1.0,11.0,14.0,2.0,3.0,19.0,11.0,19.0,12.0,23.0,0.0,23.0,2.0,4.0,0.0,1.0,0.4,-0.916290731874,0.4,a bilirubin,19:11,19:12,The heart rate,23:0,23:2,0
2.0,1.0,10.0,1.0,1.0,11.0,6.0,2.0,1.0,19.0,11.0,19.0,12.0,23.0,9.0,23.0,9.0,4.0,1.0,1.0,0.666666666667,-0.405465108108,0.666666666667,a bilirubin,19:11,19:12,pulses,23:9,23:9,0
4.0,0.0,15.0,1.0,1.0,15.0,8.0,2.0,1.0,21.0,7.0,21.0,8.0,21.0,10.0,21.0,10.0,0.0,0.0,1.0,0.666666666667,-0.405465108108,0.666666666667,slightly sleepy,21:7,21:8,jaundice,21:10,21:10,0
4.0,0.0,15.0,1.0,1.0,15.0,6.0,2.0,1.0,21.0,7.0,21.0,8.0,23.0,6.0,23.0,6.0,2.0,0.0,1.0,0.666666666667,-0.405465108108,0.666666666667,slightly sleepy,21:7,21:8,murmur,23:6,23:6,0
4.0,1.0,14.0,1.0,1.0,15.0,9.0,2.0,1.0,21.0,7.0,21.0,8.0,24.0,5.0,24.0,5.0,3.0,1.0,1.0,0.666666666667,-0.405465108108,0.666666666667,slightly sleepy,21:7,21:8,nontender,24:5,24:5,0
4.0,2.0,16.0,1.0,1.0,15.0,18.0,2.0,1.0,21.0,7.0,21.0,8.0,24.0,8.0,24.0,8.0,3.0,2.0,1.0,0.666666666667,-0.405465108108,0.666666666667,slightly sleepy,21:7,21:8,hepatosplenomegaly,24:8,24:8,0
4.0,1.0,7.0,1.0,1.0,8.0,6.0,1.0,1.0,21.0,10.0,21.0,10.0,23.0,6.0,23.0,6.0,2.0,1.0,1.0,0.5,0.0,1.0,jaundice,21:10,21:10,murmur,23:6,23:6,0
4.0,1.0,8.0,1.0,1.0,8.0,9.0,1.0,1.0,21.0,10.0,21.0,10.0,24.0,5.0,24.0,5.0,3.0,1.0,1.0,0.5,0.0,1.0,jaundice,21:10,21:10,nontender,24:5,24:5,0
4.0,1.0,17.0,1.0,1.0,8.0,18.0,1.0,1.0,21.0,10.0,21.0,10.0,24.0,8.0,24.0,8.0,3.0,1.0,1.0,0.5,0.0,1.0,jaundice,21:10,21:10,hepatosplenomegaly,24:8,24:8,0
2.0,1.0,13.0,1.0,1.0,14.0,6.0,3.0,1.0,23.0,0.0,23.0,2.0,23.0,9.0,23.0,9.0,0.0,1.0,1.0,0.75,-0.69314718056,0.5,The heart rate,23:0,23:2,pulses,23:9,23:9,0
2.0,1.0,13.0,1.0,1.0,14.0,10.0,3.0,2.0,23.0,0.0,23.0,2.0,25.0,0.0,25.0,1.0,2.0,1.0,2.0,0.6,-0.510825623766,0.6,The heart rate,23:0,23:2,His weight,25:0,25:1,0
2.0,1.0,13.0,1.0,1.0,14.0,8.0,3.0,2.0,23.0,0.0,23.0,2.0,28.0,0.0,28.0,1.0,5.0,1.0,2.0,0.6,-0.510825623766,0.6,The heart rate,23:0,23:2,His tone,28:0,28:1,0
4.0,0.0,9.0,1.0,1.0,6.0,9.0,1.0,1.0,23.0,6.0,23.0,6.0,24.0,5.0,24.0,5.0,1.0,0.0,1.0,0.5,0.0,1.0,murmur,23:6,23:6,nontender,24:5,24:5,0
4.0,0.0,18.0,1.0,1.0,6.0,18.0,1.0,1.0,23.0,6.0,23.0,6.0,24.0,8.0,24.0,8.0,1.0,0.0,1.0,0.5,0.0,1.0,murmur,23:6,23:6,hepatosplenomegaly,24:8,24:8,0
2.0,1.0,9.0,1.0,1.0,6.0,10.0,1.0,2.0,23.0,9.0,23.0,9.0,25.0,0.0,25.0,1.0,2.0,1.0,1.0,0.333333333333,-0.405465108108,0.666666666667,pulses,23:9,23:9,His weight,25:0,25:1,0
2.0,1.0,7.0,1.0,1.0,6.0,8.0,1.0,2.0,23.0,9.0,23.0,9.0,28.0,0.0,28.0,1.0,5.0,1.0,1.0,0.333333333333,-0.405465108108,0.666666666667,pulses,23:9,23:9,His tone,28:0,28:1,0
4.0,1.0,17.0,1.0,1.0,9.0,18.0,1.0,1.0,24.0,5.0,24.0,5.0,24.0,8.0,24.0,8.0,0.0,1.0,1.0,0.5,0.0,1.0,nontender,24:5,24:5,hepatosplenomegaly,24:8,24:8,0
2.0,4.0,6.0,1.0,1.0,10.0,8.0,2.0,2.0,25.0,0.0,25.0,1.0,28.0,0.0,28.0,1.0,3.0,4.0,2.0,0.5,-0.287682072452,0.75,His weight,25:0,25:1,His tone,28:0,28:1,0
2.0,0.0,12.0,1.0,1.0,6.0,12.0,1.0,2.0,36.0,13.0,36.0,13.0,38.0,1.0,38.0,2.0,2.0,0.0,1.0,0.333333333333,-0.405465108108,0.666666666667,pulses,36:13,36:13,birth weight,38:1,38:2,0
2.0,1.0,9.0,1.0,1.0,6.0,10.0,1.0,2.0,36.0,13.0,36.0,13.0,39.0,0.0,39.0,1.0,3.0,1.0,1.0,0.333333333333,-0.405465108108,0.666666666667,pulses,36:13,36:13,His weight,39:0,39:1,0
2.0,1.0,11.0,1.0,1.0,12.0,10.0,2.0,2.0,38.0,1.0,38.0,2.0,39.0,0.0,39.0,1.0,1.0,1.0,1.0,0.5,-0.69314718056,0.5,birth weight,38:1,38:2,His weight,39:0,39:1,0
2.0,1.0,19.0,1.0,1.0,12.0,20.0,2.0,3.0,38.0,1.0,38.0,2.0,42.0,0.0,42.0,2.0,4.0,1.0,1.0,0.4,-0.916290731874,0.4,birth weight,38:1,38:2,His discharge weight,42:0,42:2,0
2.0,4.0,16.0,1.0,1.0,10.0,20.0,2.0,3.0,39.0,0.0,39.0,1.0,42.0,0.0,42.0,2.0,3.0,4.0,2.0,0.4,-0.510825623766,0.6,His weight,39:0,39:1,His discharge weight,42:0,42:2,0
2.0,1.0,9.0,1.0,1.0,10.0,9.0,2.0,1.0,39.0,0.0,39.0,1.0,44.0,1.0,44.0,1.0,5.0,1.0,1.0,0.666666666667,-0.405465108108,0.666666666667,His weight,39:0,39:1,bilirubin,44:1,44:1,0
2.0,1.0,19.0,1.0,1.0,20.0,9.0,3.0,1.0,42.0,0.0,42.0,2.0,44.0,1.0,44.0,1.0,2.0,1.0,1.0,0.75,-0.69314718056,0.5,His discharge weight,42:0,42:2,bilirubin,44:1,44:1,0
2.0,3.0,17.0,1.0,1.0,20.0,13.0,3.0,2.0,42.0,0.0,42.0,2.0,45.0,8.0,45.0,9.0,3.0,3.0,2.0,0.6,-0.510825623766,0.6,His discharge weight,42:0,42:2,his bilirubin,45:8,45:9,0
2.0,4.0,16.0,1.0,1.0,20.0,13.0,3.0,2.0,42.0,0.0,42.0,2.0,46.0,0.0,46.0,1.0,4.0,4.0,2.0,0.6,-0.510825623766,0.6,His discharge weight,42:0,42:2,His bilirubin,46:0,46:1,0
2.0,1.0,19.0,1.0,1.0,20.0,19.0,3.0,3.0,42.0,0.0,42.0,2.0,47.0,7.0,47.0,9.0,5.0,1.0,2.0,0.5,-0.69314718056,0.5,His discharge weight,42:0,42:2,a rebound bilirubin,47:7,47:9,0
2.0,2.0,11.0,1.0,1.0,9.0,13.0,1.0,2.0,44.0,1.0,44.0,1.0,45.0,8.0,45.0,9.0,1.0,2.0,1.0,0.333333333333,-0.405465108108,0.666666666667,bilirubin,44:1,44:1,his bilirubin,45:8,45:9,0
2.0,2.0,11.0,1.0,1.0,9.0,13.0,1.0,2.0,44.0,1.0,44.0,1.0,46.0,0.0,46.0,1.0,2.0,2.0,1.0,0.333333333333,-0.405465108108,0.666666666667,bilirubin,44:1,44:1,His bilirubin,46:0,46:1,0
2.0,1.0,18.0,1.0,1.0,9.0,19.0,1.0,3.0,44.0,1.0,44.0,1.0,47.0,7.0,47.0,9.0,3.0,1.0,1.0,0.25,-0.69314718056,0.5,bilirubin,44:1,44:1,a rebound bilirubin,47:7,47:9,0
2.0,1.0,8.0,1.0,1.0,9.0,6.0,1.0,1.0,44.0,1.0,44.0,1.0,49.0,20.0,49.0,20.0,5.0,1.0,1.0,0.5,0.0,1.0,bilirubin,44:1,44:1,Coombs,49:20,49:20,0
2.0,0.0,14.0,1.0,1.0,9.0,14.0,1.0,2.0,44.0,1.0,44.0,1.0,49.0,0.0,49.0,1.0,5.0,0.0,1.0,0.333333333333,-0.405465108108,0.666666666667,bilirubin,44:1,44:1,The hematocrit,49:0,49:1,0
2.0,1.0,19.0,1.0,1.0,9.0,20.0,1.0,3.0,44.0,1.0,44.0,1.0,49.0,7.0,49.0,9.0,5.0,1.0,1.0,0.25,-0.69314718056,0.5,bilirubin,44:1,44:1,a reticulocyte count,49:7,49:9,0
2.0,1.0,13.0,1.0,1.0,9.0,14.0,1.0,3.0,44.0,1.0,44.0,1.0,49.0,14.0,49.0,16.0,5.0,1.0,1.0,0.25,-0.69314718056,0.5,bilirubin,44:1,44:1,his blood type,49:14,49:16,0
2.0,2.0,11.0,1.0,1.0,13.0,13.0,2.0,2.0,45.0,8.0,45.0,9.0,46.0,0.0,46.0,1.0,1.0,2.0,1.0,0.5,-0.69314718056,0.5,his bilirubin,45:8,45:9,His bilirubin,46:0,46:1,0
2.0,2.0,17.0,1.0,1.0,13.0,19.0,2.0,3.0,45.0,8.0,45.0,9.0,47.0,7.0,47.0,9.0,2.0,2.0,1.0,0.4,-0.916290731874,0.4,his bilirubin,45:8,45:9,a rebound bilirubin,47:7,47:9,0
2.0,1.0,12.0,1.0,1.0,13.0,6.0,2.0,1.0,45.0,8.0,45.0,9.0,49.0,20.0,49.0,20.0,4.0,1.0,1.0,0.666666666667,-0.405465108108,0.666666666667,his bilirubin,45:8,45:9,Coombs,49:20,49:20,0
2.0,1.0,13.0,1.0,1.0,13.0,14.0,2.0,2.0,45.0,8.0,45.0,9.0,49.0,0.0,49.0,1.0,4.0,1.0,2.0,0.5,-0.287682072452,0.75,his bilirubin,45:8,45:9,The hematocrit,49:0,49:1,0
2.0,1.0,19.0,1.0,1.0,13.0,20.0,2.0,3.0,45.0,8.0,45.0,9.0,49.0,7.0,49.0,9.0,4.0,1.0,1.0,0.4,-0.916290731874,0.4,his bilirubin,45:8,45:9,a reticulocyte count,49:7,49:9,0
2.0,5.0,9.0,1.0,1.0,13.0,14.0,2.0,3.0,45.0,8.0,45.0,9.0,49.0,14.0,49.0,16.0,4.0,5.0,2.0,0.4,-0.510825623766,0.6,his bilirubin,45:8,45:9,his blood type,49:14,49:16,0
3.0,2.0,17.0,1.0,1.0,19.0,12.0,2.0,1.0,45.0,29.0,45.0,30.0,47.0,0.0,47.0,0.0,2.0,2.0,1.0,0.666666666667,-0.405465108108,0.666666666667,double phototherapy,45:29,45:30,Phototherapy,47:0,47:0,1
2.0,2.0,17.0,1.0,1.0,13.0,19.0,2.0,3.0,46.0,0.0,46.0,1.0,47.0,7.0,47.0,9.0,1.0,2.0,1.0,0.4,-0.916290731874,0.4,His bilirubin,46:0,46:1,a rebound bilirubin,47:7,47:9,0
2.0,1.0,12.0,1.0,1.0,13.0,6.0,2.0,1.0,46.0,0.0,46.0,1.0,49.0,20.0,49.0,20.0,3.0,1.0,1.0,0.666666666667,-0.405465108108,0.666666666667,His bilirubin,46:0,46:1,Coombs,49:20,49:20,0
2.0,1.0,13.0,1.0,1.0,13.0,14.0,2.0,2.0,46.0,0.0,46.0,1.0,49.0,0.0,49.0,1.0,3.0,1.0,2.0,0.5,-0.287682072452,0.75,His bilirubin,46:0,46:1,The hematocrit,49:0,49:1,0
2.0,1.0,19.0,1.0,1.0,13.0,20.0,2.0,3.0,46.0,0.0,46.0,1.0,49.0,7.0,49.0,9.0,3.0,1.0,1.0,0.4,-0.916290731874,0.4,His bilirubin,46:0,46:1,a reticulocyte count,49:7,49:9,0
2.0,4.0,10.0,1.0,1.0,13.0,14.0,2.0,3.0,46.0,0.0,46.0,1.0,49.0,14.0,49.0,16.0,3.0,4.0,2.0,0.4,-0.510825623766,0.6,His bilirubin,46:0,46:1,his blood type,49:14,49:16,0
2.0,1.0,18.0,1.0,1.0,19.0,6.0,3.0,1.0,47.0,7.0,47.0,9.0,49.0,20.0,49.0,20.0,2.0,1.0,1.0,0.75,-0.69314718056,0.5,a rebound bilirubin,47:7,47:9,Coombs,49:20,49:20,0
2.0,1.0,18.0,1.0,1.0,19.0,14.0,3.0,2.0,47.0,7.0,47.0,9.0,49.0,0.0,49.0,1.0,2.0,1.0,1.0,0.6,-0.916290731874,0.4,a rebound bilirubin,47:7,47:9,The hematocrit,49:0,49:1,0
2.0,4.0,16.0,1.0,1.0,19.0,20.0,3.0,3.0,47.0,7.0,47.0,9.0,49.0,7.0,49.0,9.0,2.0,4.0,2.0,0.5,-0.69314718056,0.5,a rebound bilirubin,47:7,47:9,a reticulocyte count,49:7,49:9,0
2.0,2.0,17.0,1.0,1.0,19.0,14.0,3.0,3.0,47.0,7.0,47.0,9.0,49.0,14.0,49.0,16.0,2.0,2.0,2.0,0.5,-0.69314718056,0.5,a rebound bilirubin,47:7,47:9,his blood type,49:14,49:16,0
2.0,0.0,14.0,1.0,1.0,6.0,14.0,1.0,2.0,49.0,20.0,49.0,20.0,49.0,0.0,49.0,1.0,0.0,0.0,1.0,0.333333333333,-0.405465108108,0.666666666667,Coombs,49:20,49:20,The hematocrit,49:0,49:1,0
2.0,0.0,20.0,1.0,1.0,6.0,20.0,1.0,3.0,49.0,20.0,49.0,20.0,49.0,7.0,49.0,9.0,0.0,0.0,1.0,0.25,-0.69314718056,0.5,Coombs,49:20,49:20,a reticulocyte count,49:7,49:9,0
2.0,1.0,13.0,1.0,1.0,6.0,14.0,1.0,3.0,49.0,20.0,49.0,20.0,49.0,14.0,49.0,16.0,0.0,1.0,1.0,0.25,-0.69314718056,0.5,Coombs,49:20,49:20,his blood type,49:14,49:16,0
2.0,2.0,18.0,1.0,1.0,14.0,20.0,2.0,3.0,49.0,0.0,49.0,1.0,49.0,7.0,49.0,9.0,0.0,2.0,1.0,0.4,-0.916290731874,0.4,The hematocrit,49:0,49:1,a reticulocyte count,49:7,49:9,0
2.0,1.0,13.0,1.0,1.0,14.0,14.0,2.0,3.0,49.0,0.0,49.0,1.0,49.0,14.0,49.0,16.0,0.0,1.0,2.0,0.4,-0.510825623766,0.6,The hematocrit,49:0,49:1,his blood type,49:14,49:16,0
2.0,2.0,18.0,1.0,1.0,20.0,14.0,3.0,3.0,49.0,7.0,49.0,9.0,49.0,14.0,49.0,16.0,0.0,2.0,1.0,0.5,-1.09861228867,0.333333333333,a reticulocyte count,49:7,49:9,his blood type,49:14,49:16,0
2.0,13.0,13.0,1.0,1.0,26.0,15.0,3.0,2.0,55.0,0.0,55.0,2.0,56.0,0.0,56.0,1.0,1.0,13.0,2.0,0.6,-0.510825623766,0.6,Auditory hearing screening,55:0,55:2,Hearing screens,56:0,56:1,0
2.0,7.0,20.0,1.0,1.0,27.0,21.0,4.0,3.0,70.0,1.0,70.0,4.0,72.0,1.0,72.0,3.0,2.0,7.0,2.0,0.571428571429,-0.847297860387,0.428571428571,Car seat positioning screen,70:1,70:4,State newborn screens,72:1,72:3,0
3.0,1.0,21.0,1.0,1.0,19.0,22.0,3.0,2.0,73.0,7.0,73.0,9.0,75.0,0.0,75.0,1.0,2.0,1.0,2.0,0.6,-0.510825623766,0.6,hepatitis B vaccine,73:7,73:9,Influenza immunization,75:0,75:1,0
3.0,1.0,18.0,1.0,1.0,19.0,12.0,3.0,1.0,73.0,7.0,73.0,9.0,76.0,16.0,76.0,16.0,3.0,1.0,1.0,0.75,-0.69314718056,0.5,hepatitis B vaccine,73:7,73:9,immunization,76:16,76:16,0
3.0,2.0,20.0,1.0,1.0,22.0,12.0,2.0,1.0,75.0,0.0,75.0,1.0,76.0,16.0,76.0,16.0,1.0,2.0,1.0,0.666666666667,-0.405465108108,0.666666666667,Influenza immunization,75:0,75:1,immunization,76:16,76:16,0
3.0,1.0,21.0,1.0,1.0,22.0,12.0,2.0,1.0,75.0,0.0,75.0,1.0,79.0,6.0,79.0,6.0,4.0,1.0,1.0,0.666666666667,-0.405465108108,0.666666666667,Influenza immunization,75:0,75:1,phototherapy,79:6,79:6,0
3.0,1.0,11.0,1.0,1.0,12.0,12.0,1.0,1.0,76.0,16.0,76.0,16.0,79.0,6.0,79.0,6.0,3.0,1.0,1.0,0.5,0.0,1.0,immunization,76:16,76:16,phototherapy,79:6,79:6,0
4.0,1.0,41.0,1.0,1.0,9.0,42.0,1.0,3.0,76.0,18.0,76.0,18.0,79.0,1.0,79.0,3.0,3.0,1.0,1.0,0.25,-0.69314718056,0.5,influenza,76:18,76:18,Exaggerated physiologic hyperbilirubinemia,79:1,79:3,0
